0.0970064
0.0786875
-0.126384
-0.585291
0.194825
0.221859
-0.0246098
-0.0168823
0.0367712
0.196879
-0.388243
-0.59437
-0.238714
-0.198009
-0.0718744
0.0694232
-0.0550283
0.0317811
-0.00704559
-0.00724219
6.20311e-05
-0.19014
-0.0956239
-0.0853223
-0.350205
0.393775
-0.404882
-0.386548
0.284677
-0.0205354
-0.270537
0.240335
0.112843
0.0169187
0.0972605
-0.0192301
-0.128035
-0.0564117
0.0197343
0.117389
-0.0577581
-0.232285
-0.12659
-0.208098
0.0792605
-0.587511
0.198145
-0.0133241
-0.574043
-0.398631
0.457009
-0.0940964
0.0537315
-0.124989
0.0509078
0.63275
-0.278761
0.451034
0.250356
0.0862047
-0.245936
0.253521
-0.0758401
0.22519
0.0734644
0.0915031
-0.0702062
-0.289898
0.496734
0.0956294
0.0194054
0.141326
-0.076214
0.11268
0.182115
-0.20802
0.0192988
0.141669
-0.096051
0.00878007
-0.05181
0.216836
0.265581
0.0854012
-0.0970227
-0.171192
-0.0644221
-0.133125
0.14436
-0.0915277
-0.0625641
-0.370437
0.0713381
-0.146865
-0.447233
0.360064
-0.125817
0.0266598
0.00536695
0.445939
-0.192504
0.542803
-0.00101674
-0.000725652
0.000316746
0.0246507
0.0297649
0.0672285
-0.0199318
-0.00113682
-0.01488
0.433341
0.54324
0.0882635
-0.155795
0.0269657
-0.153102
-0.0831587
0.0590086
-0.0738323
-0.141736
0.105642
0.152787
0.00500464
-0.0170123
0.0108313
-0.0513515
-0.191062
0.359022
-0.0120224
-0.00755327
0.00954697
-0.427883
-0.135917
-0.158262
-0.0315988
0.155747
-0.0541045
-0.229312
0.180624
0.0371174
-0.39721
-0.306437
-0.0614054
-0.0634106
0.145672
0.0199633
-0.00036738
-0.0131294
-0.0129658
0.456086
-0.682371
-0.125295
0.0333244
-0.33059
0.184429
-0.101877
-0.122013
-0.0956912
-0.329741
0.143678
-0.00961178
-0.0139487
0.346648
0.338576
-0.254124
-0.452254
0.339863
0.0671193
-0.0239246
-0.0031171
-0.26952
0.237903
0.147563
0.0421234
0.0483772
-0.00192655
0.179362
0.0972483
-0.230711
0.304256
0.359506
0.283749
0.083658
0.126122
-0.0553982
0.242409
0.410777
0.0582605
0.0760201
-0.224736
-0.150926
-0.0309235
0.028421
0.0743117
-0.310771
-0.402272
0.110162
-0.0168657
-0.0332118
-0.0448287
0.00415577
0.0287613
0.0362781
-0.0486463
-0.0438834
-0.137691
-0.0292022
-0.0126391
0.0584228
-0.771667
-0.110235
-0.0230111
-0.246473
-0.492337
-0.654589
-0.00985961
-0.0150093
-0.0124638
-0.732602
-0.461552
-0.393636
-0.0107438
-0.0230232
-0.0904814
0.0190274
0.0146423
-0.0100021
-0.112778
-0.0642286
-0.110946
-0.0296018
0.00198
-0.0199789
0.0179655
0.0212705
0.0028962
-0.24521
-0.213176
-0.249303
-0.358144
0.225112
-0.0134335
-0.316032
0.093535
-0.309795
0.133807
-0.150833
-0.168453
0.265886
0.327829
0.136004
0.127991
0.147311
0.420662
-0.211593
-0.234352
0.401515
-0.0663874
-0.0512679
0.064879
0.283227
0.589643
-1.05012
-0.147618
0.282049
0.593104
0.4814
-0.552144
-0.0978141
-0.343316
0.289923
0.450274
-0.0445939
0.235342
0.203674
0.173364
-0.226365
0.390584
-0.152927
-0.0197168
-0.0681447
0.195698
-0.055441
-0.25995
-0.151513
0.164892
-0.081615
0.0331445
-0.0680014
0.0486442
0.174671
-0.21223
-0.00199587
-0.0402013
-0.0294947
-0.0180171
-0.0863221
0.258786
0.218301
0.149004
0.0632156
-0.292813
-0.156238
0.120822
-0.184716
0.171872
0.122304
0.0759354
-0.044373
-0.128805
-0.0244722
0.317311
-0.122129
-0.0944057
-0.200614
-0.136236
-0.106792
-0.253897
-0.131557
-0.114706
-0.23219
0.312683
-0.184153
0.0335035
-0.0505887
-0.00969875
-0.653294
0.340362
-0.140246
0.0260383
-0.0297625
-0.0126727
0.0280267
-0.0343533
0.0108441
0.37735
-0.409851
0.131645
-0.0237937
-0.00609854
-0.112928
-0.0836288
-0.0890125
-0.0519353
-0.00726454
0.0136205
-0.0595462
-0.123643
-0.0946802
0.143455
0.124306
0.17925
-0.126752
0.00179218
-0.025289
0.0378568
-0.0847878
0.141036
-0.0502792
0.150288
0.713714
0.310484
0.636696
0.540665
0.399704
-0.145128
-0.259242
0.583438
-0.262906
-0.0589192
-0.316477
-0.0570087
-0.473797
-0.352913
-0.64027
0.279343
0.554591
-0.190505
0.0914933
-0.293665
0.36225
-0.630056
0.340865
-0.0238606
-0.0772054
0.0712737
-0.0732387
-0.0212318
-0.0699714
0.011012
0.00432251
0.0110009
-0.28413
0.0456292
-0.412342
-0.341639
-0.0302313
0.130101
-0.087835
-0.0533472
0.00517839
0.192073
-0.201517
-0.286762
0.0976819
0.234468
-0.0401819
0.154379
-0.398889
-0.233435
-0.0383745
-0.00149029
-0.0181565
-0.166278
-0.135279
-0.105666
-0.210015
0.124934
-0.300935
0.266097
-0.240179
0.27676
-0.486113
0.112277
0.106813
0.313013
-0.292838
0.00942704
0.0315257
-0.286458
-0.10827
-0.00166347
-0.00333796
-0.0113795
0.136339
-0.181115
0.375684
0.268225
0.0848319
0.40152
-0.0443143
-0.0240242
0.0818163
-0.0326097
-0.0519083
0.053681
-0.0430525
0.0502989
-0.0817611
-0.0761624
0.0479679
0.089543
0.0202454
-0.015293
0.0435836
-0.0640235
0.414285
-0.226783
0.590749
0.066847
0.420976
0.238463
-0.0138011
0.422593
0.126803
-0.23175
-0.00443798
-0.331776
0.149319
0.0661276
-0.113156
0.109411
0.160807
-0.117929
0.608774
-0.238292
-0.261233
-0.293643
-0.215333
-0.00924223
0.110519
-0.312096
0.0391016
-0.0474362
0.0649638
0.0278541
0.0429365
0.141005
0.0428575
0.322669
0.227054
-0.197843
-0.123007
-0.400816
0.174217
0.00673261
-0.10254
-0.00766967
-0.00480252
-0.00353737
0.222088
-0.0859356
0.191241
0.0806808
-0.345687
-0.191539
0.270025
-0.0581812
-0.0816425
-0.0175091
0.0502516
0.109066
0.270863
-0.213114
-0.264088
-0.201915
0.274197
-0.55346
0.146661
-0.281207
0.149686
0.0710971
-0.0034857
-0.0319402
0.0454469
-0.00770806
0.056241
0.0249509
-0.0894786
0.066214
-0.150183
-0.142829
0.103159
0.0482527
-0.0178897
0.0422418
0.562931
-0.165125
0.0100157
0.109664
-0.0272772
0.0490344
0.0900333
0.241873
-0.0549396
-0.0523748
0.0280128
-0.071285
-0.175314
-0.15383
-0.10534
0.0030646
0.00289402
0.0136957
-0.00906956
-0.27192
-0.383776
-0.062916
0.0832048
-0.00304457
-0.00682876
-0.304146
0.323985
-0.221435
-0.311952
0.239327
0.168396
0.16166
0.203638
-0.0559815
0.329951
-0.290323
-0.0289737
-0.494944
-0.0213622
0.00445357
-0.0598193
-0.0127538
-0.380624
0.209498
-0.172335
-0.213965
-0.495146
0.465997
0.120147
0.0537574
0.118678
0.00744564
0.164311
-0.0790969
-0.019992
0.0262387
-0.116695
0.0328067
-0.0186247
-0.0234787
0.342741
0.198739
0.353346
-0.323227
-0.0839655
-0.12625
0.106805
-0.176456
0.0961226
-0.129012
-0.116659
0.148853
0.183954
0.411162
0.110069
0.000752375
0.014287
-0.050556
0.0907212
0.184968
0.203784
0.0557386
0.0616741
0.0195488
0.0311512
-0.268072
0.0881173
0.0948979
0.11279
0.290657
0.479655
0.139103
-0.0342915
-0.263249
-0.245875
-0.229037
0.0195609
0.14841
0.440253
0.0764048
0.364508
0.268089
0.0806316
0.0877516
-0.253858
0.0207232
-0.219331
0.0504744
-0.169799
0.0959842
0.159095
-0.0225978
0.0390312
-0.027779
-0.00832706
-0.505294
0.0213948
-0.100925
-0.127526
0.0450408
0.11041
-0.00301034
-0.068898
-0.144629
0.0211379
-0.197063
0.000698219
-0.00030869
0.000530922
-0.259732
0.461498
-0.233846
0.163685
0.20707
0.0400644
-0.30163
0.218199
0.154256
0.183449
0.156976
-0.134935
-0.182391
0.0983017
-0.127648
0.126429
0.161427
-0.0775899
0.125461
0.01588
0.00850601
0.152528
-0.115447
-0.168608
-0.0604965
-0.0584941
0.024519
-0.0103699
-0.00145796
-0.00161209
-0.0393348
-0.146893
-0.0240993
-0.432836
-0.245928
-0.428703
-0.0289577
-0.0996023
-0.249404
0.175214
0.0914534
0.0901374
-0.102738
-0.0590063
0.122356
-0.0424336
-0.155608
-0.111845
-0.49968
-0.497176
0.0189865
-0.387758
-0.0147054
0.0181819
0.304448
-0.608205
0.0848772
0.173391
-0.114883
-0.568427
0.420299
0.028618
-0.58078
-0.346318
0.516456
0.0679013
0.0583547
-0.0542615
-0.0413205
0.0223202
-0.0738988
-0.0135316
-0.175344
0.390234
-0.398097
-0.31039
0.39399
-0.0563207
-0.0785431
0.0455378
0.0681531
-0.0403197
-0.0501761
-0.00216791
-0.0710931
0.162415
-0.872044
-0.100729
-0.163928
-0.167607
-0.275941
0.331079
0.0797596
0.0854469
-0.198543
-0.0342225
0.0498632
0.232047
0.278476
0.0579072
0.556292
-0.815802
0.274296
0.0658205
0.0257064
-0.165088
0.156492
-0.306973
-0.0673924
0.197176
0.094885
-0.0790131
0.120965
-0.115431
-0.22384
0.338985
-0.219137
-0.302986
0.406964
-0.384725
0.356751
-0.265179
-0.0127208
-0.169053
0.487818
0.403169
0.00128177
0.00493254
-0.00518561
0.0586857
-0.106249
-0.422125
-0.016666
0.0128513
0.0150422
0.131365
0.120998
-0.0338522
-0.165688
-0.0274536
0.067216
0.441823
0.301331
0.522441
0.283353
0.278002
-0.336229
0.207623
0.0872771
0.209593
0.0867449
-0.00470186
-0.116067
0.0989624
0.0399108
0.0660053
0.00685585
-0.00264116
-0.0108839
-0.237216
0.172782
-0.214165
0.175202
-0.085198
0.360253
0.158037
-0.0877833
-0.138168
-0.134459
0.229202
-0.312354
0.06308
-0.0400039
-0.0520539
0.10657
0.0586992
0.35054
-0.0699441
-0.0919513
-0.00684812
0.172627
0.399444
0.0694307
0.246007
0.343658
-0.360839
-0.141419
0.195116
-0.216116
-0.100729
0.323368
0.185884
-0.277925
-0.138806
0.0677235
0.0736023
-0.0185658
-0.0739046
0.225202
0.036612
-0.215033
0.0303618
0.05361
-0.0202251
-0.0100804
-0.02858
0.0258738
0.128026
-0.0598215
-0.109892
-0.262719
-0.0600653
0.246438
-0.099593
-0.0249509
0.017078
0.50611
-0.330463
-0.0554775
0.0519701
0.192543
0.196023
-0.0699238
-0.0341275
-0.116431
0.0434718
-0.411583
0.254628
0.0995248
-0.0726172
0.0749321
-0.0375815
0.0699553
-0.0253699
-0.186288
-0.179785
-0.184811
-0.311748
-0.267489
0.300535
0.0632328
-0.0824424
0.0734708
0.258587
0.247389
0.104811
0.196383
-0.452112
-0.47455
0.431682
-0.318679
0.127537
-0.451639
0.305416
0.316017
0.040911
0.596658
-0.75495
-0.0676848
0.0202197
-0.02806
-0.015204
0.133276
0.00684058
-0.0120225
-0.0287321
0.0406809
0.344588
-0.114229
-0.23155
0.208376
0.328605
-0.140031
-0.215809
-0.10312
0.169522
-0.123447
0.054209
0.185394
-0.0283473
-0.109642
-0.0830064
0.260812
-0.302863
0.396807
-0.351188
0.0801207
0.110983
0.0774923
-0.618129
0.546746
0.00742011
-0.0429519
-0.192443
-0.142573
-0.0962708
0.0334072
-0.165356
0.0759575
-0.160557
-0.0418387
-0.0097072
0.0287746
0.0720706
0.063845
0.0577885
-0.178139
-0.121297
-0.411597
0.182297
0.331619
-0.137448
0.090295
-0.107856
-0.138061
0.126891
0.226779
-0.233372
0.0510072
-0.0905504
0.117436
-0.236512
-0.406953
0.0538111
0.0431874
0.030759
-0.0226151
0.0164432
0.023672
-0.0250392
0.346867
0.22026
-0.380434
-0.111477
0.058443
-0.0797149
-0.232397
-0.128724
-0.109729
-0.175075
0.271296
-0.210787
-0.105606
-0.0895619
-0.0983944
-0.0818359
0.0906674
-0.0954577
0.23781
0.134829
-0.0761954
-0.0916847
-0.0500125
0.254594
-0.457096
-0.0236316
-0.354758
0.00652415
0.0517156
0.185512
-0.317158
-0.223165
0.0220591
-0.261963
0.0466188
-0.349282
0.00232301
0.000218367
0.00569539
-0.243919
0.0382198
-0.185888
0.20131
-0.063257
-0.130453
0.524102
-0.411932
0.271022
0.0848208
-0.183789
-0.241705
-0.000408009
-0.000858776
0.000410827
0.112416
-0.0268965
0.33269
0.0937548
0.023276
-0.0110361
0.221366
-0.151607
0.217255
0.0817906
-0.0498576
0.0280761
-0.0904763
-0.162156
0.0903748
0.0610043
-0.0022893
0.0883625
-0.123875
0.380476
-0.00495214
0.245194
-0.175282
-0.115302
0.121367
-0.123953
0.066278
0.019922
-0.128831
-0.0158229
-0.0268897
0.191104
0.112808
0.106688
0.16387
-0.137014
-0.47266
0.329484
-0.0535213
-0.0642574
-0.210805
0.0510423
-0.170861
0.312638
-0.158516
-0.0412596
-0.842385
-0.518841
0.258011
-0.0512884
0.24906
0.160703
-0.113345
-0.0355924
-0.086404
0.385162
0.350176
0.465425
0.554781
0.313887
0.529226
-0.248606
-0.380054
0.156429
0.198196
0.273418
0.49171
0.15585
-0.231434
0.350471
-0.172533
0.23829
-0.0614276
0.0801394
0.113479
-0.14407
-0.123861
0.186248
-0.829904
0.300566
-0.463522
-0.156391
0.136966
0.0826836
0.158523
0.183634
0.23411
0.153522
-0.0403983
-0.0819167
0.0227841
0.127953
-0.352887
-0.111026
0.325362
-0.536047
0.150592
0.175604
-0.231467
-0.303227
0.00932973
-0.370185
-0.0561169
0.135686
-0.147212
0.247851
-0.119719
-0.0470042
-0.109063
0.0935897
0.0233236
0.0964357
-0.135257
-0.113869
0.299001
0.390197
-0.559438
-0.150353
-0.0909937
0.0767921
0.143696
0.0281076
-0.208327
-0.122863
0.0162867
-0.133154
-0.133273
0.0342978
-0.667448
0.182489
-0.439792
0.239816
0.00505932
0.013789
-0.0455031
-0.316478
-0.213368
-0.43932
-0.186887
0.131504
0.0092667
0.145858
0.198396
-0.172334
-0.368633
-0.511312
-0.471375
0.179094
-0.010395
-0.0501897
0.0162378
-0.0191056
-0.0375638
-0.00672106
0.0447202
-0.0113875
0.467588
-0.223962
0.00341418
-0.0907478
0.102753
-0.0867852
0.110648
-0.0153112
-0.0164722
0.0371615
0.0305138
0.0532271
0.268271
0.0293264
0.263037
-0.0087989
-0.0242814
-0.0843302
-0.0235842
0.040946
0.0404697
-0.031967
0.0279829
0.0171359
0.0253701
0.0786207
-0.0936097
-0.571311
-0.132082
-0.461693
0.429781
0.0634511
-0.206573
0.443316
0.630547
0.586488
-0.0413747
0.452986
0.310471
-0.232934
0.0311622
-0.0982741
-0.184503
-0.0564984
-0.129481
-0.468428
-0.091812
0.0459038
-0.136822
-0.127925
-0.0493975
0.0345658
0.181153
0.31696
-0.349246
0.304546
0.11429
-0.149984
-0.142282
-0.384078
-0.00252374
0.0166233
-0.0153584
0.0473614
0.0677775
0.00364817
0.207888
-0.366739
0.378607
0.211461
-0.22697
0.0934313
0.425767
-0.185564
-0.507135
0.211295
0.124761
-0.130196
0.0261984
-0.305267
0.0392591
0.491983
-0.234205
0.331762
-0.0479106
-0.0191999
0.0823197
-0.0248445
0.117471
-0.0656257
0.0193184
0.0327167
-0.00645524
0.00790722
0.016015
0.00825697
-0.0860404
-0.0884544
0.0384316
0.189434
0.0124491
-0.344902
0.0309032
-0.00800521
0.102712
-0.228199
-0.216208
0.0818677
-0.181688
0.150861
-0.109685
-0.00174027
0.01609
0.00818149
-0.26912
-0.0191593
-0.163594
-0.159055
-0.247533
0.430919
-0.0562841
-0.0982967
0.131158
-0.0636094
0.0250663
0.128861
0.0192656
0.152417
0.0509346
0.434397
0.132122
-0.434087
0.158872
0.162508
-0.173508
0.268107
0.129628
0.0833975
0.0792239
-0.0688774
-0.362521
0.149006
-0.158718
-0.108373
0.416246
-0.44967
-0.40679
0.000139231
-0.00163684
-0.00142812
0.00378667
-0.157616
0.156938
-0.20603
0.249286
0.410713
0.243022
-0.300718
-0.338898
0.228412
0.162834
-0.078156
0.0897049
-0.111149
-0.086903
-0.13036
0.320796
0.221029
-0.0434313
-0.00341175
0.0309429
-0.00162532
-0.701534
-0.0473985
0.435731
-0.131315
-0.266999
-0.0057893
0.328744
0.078714
0.0969704
0.0379771
0.220731
0.0403171
0.120499
-0.067551
0.164704
-0.197848
0.079077
0.407907
-0.107639
-0.115864
0.416585
0.0168524
-0.522704
-0.223421
-0.00272407
-0.316444
0.0865491
0.0756063
0.0773426
0.28311
-0.391998
0.259997
0.0275399
-0.0288752
0.0139666
-0.696737
-0.414634
0.142336
0.308487
0.0828239
0.161603
-0.247289
0.00914912
0.362069
-0.022898
0.16304
-0.100701
0.000411885
0.12665
0.686917
0.013868
-0.10405
-0.0841619
-0.397762
-0.641731
-0.0317986
0.278621
0.221272
0.371941
-0.226303
-0.575137
-0.528831
0.507315
0.441065
0.101325
-0.0211936
0.159982
0.160313
0.0733068
-0.0286265
-0.00714335
0.421654
0.293363
0.452395
-0.115674
0.12378
0.00215786
0.0877788
-0.0796654
0.159128
-0.00223202
-0.00412406
-0.00486103
0.0599104
0.23053
0.0642773
0.0708104
0.432623
0.129264
-0.0526368
0.0636262
-0.0285808
-0.0191513
0.0675269
-0.0843964
-0.327326
-0.0856224
0.484786
-0.0766408
0.310334
-0.303603
0.0105367
-0.140214
-0.367387
-0.00243581
-0.00243798
-0.00379794
0.257463
-0.189288
0.233613
-0.383195
0.0638196
0.497948
0.285411
0.21422
0.200731
0.00513975
0.0138852
0.0432559
-0.324454
0.095949
0.0637364
-0.0295462
-0.0922922
-0.31451
-0.0430204
0.0419134
-0.0396196
0.0571513
-0.11029
-0.041922
0.165073
-0.149638
-0.105541
0.00996465
-0.0316889
0.00182004
0.468787
0.0740866
-0.532302
-0.0681503
0.0605625
-0.0966965
-0.145339
0.271771
0.682333
-0.0430847
-0.00815911
0.0359938
0.00794633
-0.00944793
-0.305245
0.0453029
-0.0462679
-0.0126714
0.117201
-0.089077
0.15742
0.209068
0.422119
-0.634358
0.0194706
-0.0438691
-0.00391395
0.0463476
-0.344722
-0.226853
0.0427943
-0.0959226
-0.0734474
-0.00251338
-0.0983558
0.0955416
0.00842867
0.108722
0.100609
0.459027
0.280412
-0.31359
0.10534
-0.232348
-0.030158
-0.41543
0.102211
0.126109
0.058855
0.318335
-0.25516
0.0739817
0.00662692
0.00533269
-0.0453435
0.0183924
0.0504719
0.0692628
-0.01756
0.0187932
-0.0573174
0.498255
0.220768
0.0239935
0.0604983
-0.00309592
0.0431846
0.0346882
0.0453795
0.00340531
-0.0196808
0.0151012
0.198541
-0.0875491
0.372787
0.102197
-0.104046
-0.163365
-0.152149
0.0556306
-0.183204
-0.214284
-0.189181
-0.0299626
-0.0562523
0.16909
0.0870724
0.209376
0.161725
0.0558629
-0.0460852
-0.773446
-0.271104
-0.0552815
0.186098
0.419801
-0.0244702
0.0176065
0.0362036
0.00133003
-0.13621
0.127234
0.0240532
-0.148146
-0.149665
-0.0408472
-0.00485642
0.154936
0.146268
0.153983
0.460918
-0.0470405
0.0579961
0.276697
-0.0535659
0.0832719
-0.103926
-0.0161582
-0.0683427
-0.219959
0.189026
0.185806
-0.123366
-0.089751
-0.0882734
0.0248825
0.107229
0.157283
0.0295984
-0.0694814
-0.0659058
0.119162
-0.099396
-0.210514
0.20517
0.00412138
0.00893019
0.0107998
0.0589172
-0.148533
0.175655
0.0126416
-0.0488331
0.0785076
-0.0126617
0.0977844
0.111492
0.396347
-0.396918
0.0839852
-0.189305
-0.178061
0.101209
0.272915
-0.114508
0.307901
0.244351
-0.0815241
0.0683121
0.439677
-0.00226519
-0.268854
0.00516433
-0.00027526
-0.00175503
0.0666578
-0.120768
-0.0444872
-0.0740934
0.030007
0.0190537
0.0218723
0.0466619
-0.0731403
0.548947
-0.809526
0.552493
-0.0600225
-0.072693
-0.0512888
-0.64804
0.0745301
0.607389
0.203885
-0.061729
0.355465
0.0257763
0.0492338
-0.0290893
-0.540699
-0.541474
-0.602667
0.0349789
-0.027766
0.0218264
-0.310876
0.096076
-0.178018
0.0219156
0.280902
-0.249
-0.218518
-0.345623
-0.346067
0.0436341
-0.00142598
0.0040391
-0.213532
0.0997695
-0.31469
-0.298507
0.391834
-0.231387
-0.15621
-0.181354
-0.158537
-0.114163
0.142547
0.343956
-0.533569
0.144499
-0.175811
0.0816752
0.0993899
-0.400547
-0.0716294
-0.0218839
-0.118567
-0.0217507
0.0672861
0.137391
-0.00591182
0.36872
0.0988082
-0.120172
-0.0532754
0.147955
0.0916278
0.0663132
-0.119823
0.14448
0.289093
-0.252854
-0.0381121
0.00823686
-0.20556
0.0392396
-0.0364012
0.00407662
0.035192
0.318216
-0.641815
-0.0718982
-0.470714
-0.366913
-0.326897
0.0729255
-0.158012
-0.406349
-0.0590217
-0.352362
-0.165499
-0.147769
-0.0121735
-0.05978
0.0117664
0.00188376
-0.122391
0.102098
0.0083333
0.125589
-0.174953
-0.122643
0.000392813
0.0335761
-0.0331578
0.323823
0.210417
0.291
0.0682154
-0.0919444
0.00910725
0.0113898
-0.00528203
0.00927018
-0.162554
0.0600973
-0.0869558
-0.0007755
0.00102133
-0.000211192
-0.0935547
-0.0063078
-0.0714468
0.0946396
0.102682
-0.325278
-0.582724
0.172882
-0.491064
0.0872458
0.0512236
0.108758
-0.216856
0.421472
0.382886
0.0644831
-0.0520899
-0.0446882
0.0417533
-0.0880418
-0.196142
0.028924
0.046969
0.0414436
-0.00747137
0.00802538
0.000531518
0.103467
-0.176293
0.149144
-0.174324
-0.441706
0.0659945
-0.226142
-0.134056
-0.205628
-0.11016
-0.138135
0.0584115
0.476982
0.120231
-0.407072
-0.453255
0.392163
0.292237
-0.311681
0.467245
-0.0945938
0.0741066
-0.286724
-0.145258
-0.265299
0.375394
0.513118
-0.000229516
-0.386254
0.156717
0.0545797
-0.0614594
-0.0349542
-0.395658
-0.532494
-0.0119456
-0.277811
-0.446788
-0.43043
0.116986
0.285645
0.398535
-0.209712
-0.330273
0.15855
-0.625518
0.138009
0.779573
0.0705839
-0.0485793
-0.0275618
0.0345283
-0.0734212
0.064623
-0.0858041
0.210757
0.148813
0.187485
-0.364364
0.344745
0.00986893
0.00474817
-0.00276094
-0.075696
0.0361775
-0.00170815
0.196009
-0.674093
0.380066
-0.212898
-0.00923027
0.342168
0.270646
-0.0619509
-0.360799
0.43169
0.0893395
-0.606267
0.320824
-0.340154
-0.0751276
0.172738
0.212931
0.153535
0.138352
1.03782
-0.630565
0.200524
0.268143
-0.24072
0.147145
0.257169
0.114101
-0.0412492
-0.339427
0.369977
0.362175
0.124119
-0.403988
0.2077
0.263249
0.101868
-0.00941063
-0.362325
0.341836
-0.208013
-0.181836
-0.117284
-0.0660353
-0.335729
-0.0101278
-0.330992
0.233325
-0.206773
-0.172763
-0.166468
-0.364295
0.0341244
0.0392531
-0.086572
-0.0541975
0.102158
0.236118
-0.131287
-0.350813
-0.383225
-0.11999
0.498073
0.219489
-0.0492919
0.0143814
0.0516554
0.507905
-0.193098
0.0471866
-0.489026
0.394708
-0.0196631
-0.36921
0.0989205
-0.0124094
0.157987
0.0955196
-0.0873924
-0.207428
0.0687732
0.0210156
0.39514
-0.419693
0.0552946
-0.131605
-0.165159
-0.190343
0.0186936
-0.0215264
-0.0327366
0.411379
0.408257
0.0428686
-0.0959633
-0.448601
0.215837
-0.183473
-0.204067
-0.0869779
0.100947
0.0342259
0.10124
-0.366802
-0.447176
0.211227
0.162579
-0.14759
-0.196793
0.254936
-1.0415
0.403924
-0.0186206
-0.02519
-0.0223313
-0.00281258
0.00104588
0.00163703
0.0297727
-0.0499585
0.0557684
0.00879011
0.0864365
0.189967
0.093598
-0.13192
0.0901483
0.462815
-0.047924
0.372427
0.0982565
0.26474
-0.311365
-8.21469e-05
0.00288429
-0.00347213
-0.22036
-0.194307
-0.0544371
0.155386
0.0587591
-0.0494032
-0.0528254
-0.109273
-0.0463374
-0.210513
-0.109732
0.00177515
0.139473
0.142334
0.0824351
0.00539338
0.00085775
0.00335348
-0.452168
0.0233856
-0.388204
0.33371
-0.0472227
0.165547
-0.0964048
-0.0949682
0.033022
-0.152877
-0.399181
0.339919
-0.208734
-0.583095
-0.692301
0.476248
-0.0502206
0.325839
0.114585
0.124481
-0.166997
0.0612527
-0.261935
0.191183
0.243025
0.329683
-0.0172125
0.198161
0.756072
-0.023818
0.0101327
-0.0118664
-0.0600452
-0.0941271
-0.0729045
0.0189756
0.625051
0.62024
0.855288
0.190986
-0.0891213
0.316271
-0.0687954
-0.0240829
-0.132395
-0.00813557
-0.00281599
0.0291475
0.270198
-0.649417
-0.00224855
0.128389
-0.0286385
-0.0778272
0.238475
-0.309429
-0.358463
0.365373
-0.197191
0.746214
0.0787006
0.25239
0.234871
0.000418253
-0.00833866
-0.0263165
-0.0711549
0.0118055
0.0126332
-0.00263088
0.233022
0.225403
0.0565016
0.105885
-0.144884
0.187503
0.217961
-0.188089
-0.16772
0.244753
0.111386
0.00579324
0.0613854
0.0881482
-0.192773
-0.118997
-0.276705
-0.0141887
-0.0180986
0.0271181
-0.232536
-0.0227524
-0.383284
0.0149067
0.0159733
-0.0168826
0.156017
0.148072
0.0046146
-0.0409952
0.0394104
-0.0127661
-0.38066
-0.503585
0.102744
0.104167
0.262226
0.0323754
0.0465908
-0.320304
0.525358
-0.0934108
0.209553
0.0923862
-0.100482
-0.0128123
-0.142165
-0.0207231
0.00278405
0.00382642
6.0084e-05
-0.0197633
0.0268529
0.0131718
-0.00981351
0.00571975
-0.321739
-0.390457
-0.295369
0.397202
-0.178465
0.240462
-0.206779
-0.0019512
-0.0901088
0.0125886
-0.0563028
0.117597
-0.0908408
-0.0469546
-0.480258
0.440158
-0.521125
-0.257021
-0.261383
-0.190451
0.143182
0.0309198
-0.0360962
-0.0183384
-0.11018
-0.0908857
0.0848004
-0.0719911
0.361403
-0.374819
-0.410298
-0.168209
-0.134105
0.262982
0.185082
0.248802
0.00214195
0.00416998
-0.00217297
-0.0795734
-0.229599
0.00753339
-0.295548
-0.0413904
-0.0404213
0.0264062
-0.0514173
0.423341
0.000615592
-0.00100879
0.00048763
-0.0647352
-0.020967
-0.128016
0.11406
-0.111118
0.105196
0.0081434
0.0142298
0.0157705
0.514934
-0.0731507
-0.647808
0.332627
0.335879
-0.327286
-0.143701
0.231585
0.619496
-0.214356
-0.315226
-0.0762407
-0.0185836
0.0131834
0.0450848
-2.95668e-05
-7.65338e-08
-1.9943e-05
-0.116077
0.0553644
-0.0125312
0.0270552
0.0416862
-0.0335311
0.0708948
-0.0529446
-0.0983101
-0.0754519
0.0564321
0.00274154
0.333603
0.0498992
0.0269265
0.0203062
-0.0873243
-0.129221
0.0633183
-0.00165038
-0.0403997
0.0957496
0.0744005
0.0800943
0.395573
-0.424731
-0.260604
0.200389
0.24255
-0.149338
-0.0769305
-0.0840341
0.0101614
0.242515
-0.156665
-0.212342
-0.0746617
-0.126939
0.0890534
0.102717
-0.497223
-0.55794
0.182347
0.245886
-0.360717
-0.00219652
0.0173822
0.031318
-0.0734584
-0.0699585
-0.0287106
-0.100572
0.0329112
-0.161584
-0.0692823
0.100767
0.0461937
-0.163839
0.152126
-0.164694
0.125335
-0.271459
0.211672
0.182411
-0.0119894
-0.0188233
-0.258228
-0.237738
-0.389345
-0.0535243
-0.0242508
0.0175593
-0.0158018
0.111408
-0.0149094
-0.220424
0.178886
0.0643274
0.0166628
0.00973575
-0.0384654
-0.094555
-0.144516
-0.16942
0.226988
-0.0644285
0.261926
-0.444107
-0.17183
-0.528951
-0.274818
0.0554895
-0.191291
0.0709531
0.0249392
-0.0235217
-0.0640951
0.0879776
0.466728
-0.453883
0.0409089
-0.196891
-0.281071
0.377241
-0.0825198
0.0362872
0.0448971
0.0230386
-0.145193
0.244656
-0.0605876
0.000777755
0.0400767
-0.0410987
-0.0181073
0.0313068
0.0352606
-0.00409435
0.48331
-0.398135
0.133837
-0.319328
-0.219074
0.287784
0.197234
-0.138877
-0.0119152
0.0694411
0.0765003
-0.00553881
-0.0391133
0.0475493
0.146809
0.305221
-0.0998075
-0.0902715
-0.0783016
0.100957
-0.219972
-0.216982
-0.0253227
0.176335
-0.0245652
0.286363
-0.194991
-0.0651396
0.0594099
-0.0145143
0.220725
-0.307952
0.0897738
0.0319129
0.0437399
0.141464
0.180918
-0.320369
-0.0898324
0.0460495
0.459584
0.0461163
-0.153152
-0.0293486
-0.161905
0.0227008
-0.353273
0.62151
-0.286182
0.240599
0.0591197
0.0888297
0.0568418
0.198146
-0.137982
-0.261011
0.0238268
-0.0550156
-0.0645278
0.0375306
-0.0338095
-0.0430176
-0.401798
0.55789
-0.131003
0.113467
0.13777
0.00858535
0.304467
0.102193
-0.700794
0.0411498
-0.371173
0.321201
-0.679739
-0.106564
-0.266689
-0.182524
-0.398489
-0.486722
0.059946
-0.0495222
0.0302798
0.111014
-0.204994
-0.191783
-0.129292
-0.125863
0.104416
0.157425
-0.146651
-0.0736705
0.0180691
-0.0704093
-0.0555785
0.0353524
0.0323897
-0.0848249
-0.329201
-0.178049
-0.380074
0.101138
-0.083213
-0.0529878
0.0703722
0.0514151
0.00707782
0.033588
0.240317
0.214482
0.203344
-0.16038
0.200827
-0.163681
0.0331541
-0.181316
0.221482
0.101166
-0.215271
0.0801349
0.0549498
-0.251139
-0.0397586
-0.165062
-0.128985
0.083717
0.193195
0.181299
0.21095
-0.11444
-0.273253
0.0603648
-0.0796221
-0.0697952
0.0525187
-0.0776228
0.109741
0.0570781
0.0313042
-0.0121326
0.116673
-0.0409758
-0.329477
0.316731
-0.263779
0.138387
0.00207419
-0.00694747
-0.00293543
-0.170132
-0.3312
0.149511
-0.146992
-0.142672
-0.11688
-0.0331148
0.0168333
0.0280302
-0.130641
-0.267023
0.143813
0.441224
-0.0912994
-0.710711
0.113717
0.206044
-0.165829
0.0886033
-0.271746
-0.132802
0.098655
-0.100342
0.0233696
0.0065181
-0.185492
-0.189421
-0.114588
-0.28948
-0.12595
0.0127819
0.18203
-0.127322
0.201831
-0.0274202
-0.197019
0.125228
-0.249572
-0.161038
-0.163766
-0.0955435
0.0215395
0.322622
0.294116
0.138065
0.00514747
0.154436
0.0629018
0.11202
-0.131905
0.0998756
0.229852
0.0298815
0.202784
0.0663404
-0.287766
-0.14895
-0.0968545
0.0234588
-0.352813
0.028909
0.0577016
0.121746
-0.140788
-0.111571
0.158047
-0.189212
-0.0869234
0.178796
0.0355558
0.0352251
-0.0339683
0.228579
-0.105555
0.131697
0.0136888
-0.312754
-0.437058
0.049637
0.101608
0.0793717
0.146498
-0.118365
0.123431
0.031674
0.0524282
0.003094
-0.580848
-0.527142
0.273291
-0.191628
0.0655401
-0.0111575
0.370106
-0.134583
-0.0155356
-0.0165398
-0.0137199
0.00729193
-0.0132143
-0.0470973
-0.0484731
0.0616225
-0.00792019
-0.0308985
0.0159288
-0.0182846
0.00343131
-0.294518
0.201842
-0.362713
-0.0738275
0.0896182
-0.0838847
-0.20388
0.248609
0.225591
-0.00420381
0.00213568
-0.00609787
-0.127132
-0.0146516
0.0686246
-0.0363106
-0.0248623
0.0649775
0.524701
-0.520486
-0.105046
0.624219
0.360926
0.0926155
-0.546436
0.113012
0.499207
0.281555
0.0979349
0.204236
0.346449
0.398695
-0.534654
-0.239858
0.289978
-0.159399
0.0148612
0.0849613
-0.0541973
0.0766976
0.432456
-0.0267564
-0.394202
0.267784
-0.224251
-0.0285553
-0.0331558
0.034042
0.158359
-0.330814
0.543352
-0.348674
0.428848
-0.00565581
0.0443509
-0.0104065
0.00973548
0.150769
-0.169655
-0.144424
-0.0798387
-0.0568707
0.00358594
-0.030998
0.00220936
0.00788763
-0.346332
0.168157
0.0330759
0.000862987
-0.0925948
-0.17302
-0.01009
0.250151
-0.246628
-0.182836
-0.382429
0.104503
0.121975
-0.0540344
-0.168312
-0.0541811
0.0363172
-0.00554858
0.365824
-0.0144718
-0.208936
-0.089836
-0.187798
-0.177381
-0.237061
-0.133116
-0.157271
0.609719
-0.61468
-0.150629
0.378603
0.0575907
-0.00815517
0.0688413
-0.18671
0.0961848
-0.0491258
-0.0310688
0.0104709
-0.170951
-0.39611
-0.159664
-0.177821
0.0263259
0.0207542
0.188911
-0.331484
0.227671
-0.648733
-0.00374049
-0.629412
0.109784
-0.0290885
-0.0695938
-0.0783119
-0.0501143
-0.149356
-0.0344358
0.619243
0.477794
-0.0773619
0.137028
0.10185
0.0744573
-0.0869438
-0.0372169
-0.29968
-0.523204
-0.52154
-0.00595118
0.00306737
0.139008
-0.306831
0.310066
0.169531
-0.236636
0.488272
-0.0656366
0.180414
-0.115134
0.176756
0.0302525
-0.0126523
-0.0299962
0.0787085
0.0488178
-0.136179
-0.0206023
-0.067663
0.00802796
0.287968
0.215961
0.115409
-0.0809113
0.462583
0.411276
0.125177
-0.0742683
-0.116734
-0.00512296
-0.256093
-0.0879227
-0.0756075
0.228491
0.222971
0.122912
-0.0222674
-0.0266934
-0.0186294
-0.0194686
-0.0379569
0.3411
-0.292762
-0.376513
0.118226
-0.2326
0.00712345
0.0046451
-0.0563981
-0.0686877
-0.0710115
0.189113
0.0996796
-0.21685
-0.218035
0.220597
-0.169693
0.106093
0.0123044
0.089314
-0.146544
-0.185545
0.0869549
0.199909
0.23044
-0.151674
0.0394124
-0.133545
-0.0340521
-0.096157
-0.119579
-0.352101
0.273032
-0.530336
0.130722
-0.123694
-0.0918798
0.165831
0.0745064
-0.13091
-0.0195851
0.120726
0.174594
-0.0956971
0.170932
0.0779681
-0.239079
-0.0127206
0.268858
0.0416477
0.0149257
-0.0327227
-0.31468
-0.331375
-0.188948
-0.121745
0.133662
0.123698
-0.0661535
-0.0063722
-0.0576927
0.0879428
0.135212
-0.0801502
-0.0409304
-0.0726103
-0.0590297
0.0576635
-0.335223
-0.267448
-0.0413006
-0.0366078
0.00503651
0.148658
0.00476228
0.168123
0.0741584
-0.011312
0.0826604
-0.243481
-0.0828676
-0.195958
-0.000373407
0.0297275
-0.1496
-0.066035
-0.137148
0.0421971
-0.0317468
0.239254
-0.0752954
0.205805
-0.154799
0.0816459
0.10798
0.524188
-0.305943
0.0957589
-0.281234
-0.0902769
-0.00263965
-0.00340074
-0.00530193
0.0597194
-0.0149464
0.0386631
-0.10329
-0.0481378
0.133934
0.0343407
0.047875
0.0226169
0.22041
0.0469956
-0.321629
-0.285211
0.338565
-0.318289
0.0931264
-0.153891
-0.176301
-0.822404
0.29636
-0.424382
-0.0316753
0.223366
0.0231944
0.238678
-0.00929892
-0.0795827
0.135245
0.131243
-0.0102242
0.039101
0.0507854
-0.0277619
-0.00716212
0.0327038
0.00365088
0.0620999
0.05767
-0.0218066
-0.23486
0.0644791
-0.251286
-0.0326565
0.141281
0.0894102
-0.142896
0.138468
-0.133483
-0.209382
0.921033
0.0586516
-0.0431197
0.278138
0.284219
0.178798
-0.170254
-0.0697505
0.0906395
-0.0452131
0.0753727
-0.160737
0.0289324
0.0346888
-0.472207
0.10921
0.282199
-0.349086
0.414012
-0.346287
-0.028298
0.0424573
-0.0563829
0.0839562
-0.0717074
-0.0992513
-0.24223
-0.2789
0.272433
0.187813
-0.337414
-0.205858
-0.226753
-0.112165
0.245061
0.0498903
0.120127
0.365391
0.319996
0.101479
-0.0155497
0.0450533
0.0788786
-0.0650764
0.108666
0.187574
0.162591
-0.322973
-0.595837
-0.286297
-0.61833
0.425456
0.137389
-0.178846
0.336955
-0.14263
0.00540441
0.283638
-0.00827884
-0.265353
0.164821
-0.161844
0.130952
-0.0296537
-0.137038
0.293348
-0.310591
-0.183872
0.0453867
-0.244621
0.0576793
0.136787
0.251683
0.0224886
0.0501064
-0.0414333
-0.00033765
0.193906
0.126383
0.0395576
0.00177356
-0.0953618
-0.0756044
-0.0522657
-0.111181
-0.0431467
-0.0792371
-0.120966
-0.245567
-0.0472977
-0.0405413
0.394867
-0.0744706
-0.174235
0.682802
-0.0265618
0.0136507
-0.0765744
0.00965835
0.0153979
0.022477
0.361125
-0.0211269
-0.450241
-0.00102753
0.110715
0.0147681
-0.0568478
-0.0709434
0.0528542
-0.106983
-0.127123
0.143474
0.00318875
0.170883
-0.0868874
-0.186512
-0.234374
0.230212
-0.0471563
0.134065
0.451436
-0.0518192
0.109913
-0.0999131
0.0820027
-0.103632
0.0667146
-0.16596
0.371988
-0.0636016
0.275382
0.162883
0.082783
0.228913
-0.120647
-0.00805455
-0.129604
-0.131351
0.367616
0.00136005
0.0546875
-0.0158821
0.111683
-0.166142
-0.188846
-0.156891
-0.249239
-0.441475
0.38058
-0.397118
0.267805
0.320677
-0.0170135
0.34155
-0.271349
-0.424895
-0.122855
0.210876
0.894026
0.215017
0.295575
-0.101126
-0.534993
0.137124
-0.032022
-0.00186594
-0.167554
-0.0996052
0.244526
0.00710363
0.0283544
-0.0315099
-0.0164199
0.0432977
-0.100377
0.788394
-0.375765
0.808952
-0.0834672
0.147073
0.020349
-0.378938
-0.367185
-0.36125
0.0557721
-0.0973281
0.0919067
-0.384246
0.0133048
0.00201766
-0.0472215
0.0774037
-0.0780618
0.00310803
0.0376749
-0.0296072
-0.0469998
0.170259
-0.418246
-0.00920011
-0.00964688
-0.00198673
0.287322
-0.395664
0.107292
-0.251984
-0.138344
0.279279
0.124541
-0.134603
0.148684
-0.014436
0.0294454
0.00331131
-0.370286
0.276592
-0.0368906
-0.107609
0.0850318
0.0952136
0.101624
0.0269281
0.0315775
0.179528
-0.046508
-0.423137
-0.175315
0.0418919
0.170893
0.38566
-0.187807
0.0706998
-0.0405725
-0.557383
-0.196476
0.210017
-0.0359925
-0.0693908
0.0450924
-0.0349658
0.0997124
-0.00417609
0.415185
0.295677
-0.00763348
0.162137
0.182636
-0.111395
0.0747972
-0.0596504
-0.0408064
-0.0216658
0.00419637
-0.0724355
-0.0915304
-0.091183
0.000411994
0.0130769
-0.0256758
0.236927
-0.230878
-0.16118
-0.103414
0.624822
0.228391
-0.448598
-0.560874
-0.10755
-0.041653
-0.0477907
0.0305761
-0.370633
0.318891
0.0431138
-0.0305149
-0.00857041
0.0772539
-0.0259991
-0.194864
0.258097
-0.350214
0.361495
-0.0399576
0.117934
-0.157065
-0.0573816
-0.0448343
0.166245
-0.00496042
-0.296498
0.596628
0.559271
0.0113928
0.00274879
0.00844111
-0.0259558
0.0378345
-0.0301672
0.253341
-0.206635
-0.12185
0.173762
0.121877
0.0650372
0.280555
-0.0391862
0.136283
0.021175
0.139002
-0.0601492
0.425325
0.00478578
0.0469455
-0.0169883
0.0023839
0.0132166
-0.236751
-0.241889
0.520055
0.379302
0.285269
0.333482
-0.392644
-0.298891
-0.165887
-0.0165916
0.0908393
-0.13612
-0.147985
-0.121049
-0.0474395
-0.100943
-0.146747
-0.0356927
0.442365
-0.164072
0.0520689
-0.00153907
0.00150531
-0.00263326
-0.0815325
-0.114067
-0.127758
-0.0368835
0.0378145
-0.0622299
0.375063
-0.199167
0.134537
-0.00925717
0.014989
0.00727711
0.248323
-0.283774
0.0824636
0.0268791
-0.0791093
0.0698357
-0.0881267
0.115187
-0.064997
-0.00291043
0.426511
-0.425441
-0.29836
0.321448
-0.127586
-0.020298
0.00716735
0.0230782
-0.0164189
-0.0131192
-0.00281046
-0.148801
0.0325713
0.00987076
0.165461
0.190624
0.0990453
0.186525
0.279281
0.375618
-0.171363
0.31668
0.423469
-0.165262
0.420876
0.184359
0.355967
-0.174505
0.328143
0.264593
-0.193781
0.0863685
-0.01036
0.0439453
-0.0916382
-0.440832
-0.426165
0.199498
-0.373661
0.313567
-0.0643938
0.0933562
0.185268
0.103108
-0.0979404
-0.090365
0.0485885
0.0861838
-0.0384346
-0.123769
-0.0130324
0.0510404
-0.0370848
0.0349298
-0.137458
-0.201722
0.570138
-0.300048
0.242793
0.165724
-0.0359394
-0.201719
0.0207076
-0.0586415
0.00981695
0.161779
0.0738184
0.260916
0.331238
0.289681
0.00424892
-0.0111203
-0.214118
-0.0752605
-0.00763445
0.0558022
-0.0185946
0.254579
0.592782
0.205875
-0.57509
-0.328733
0.214611
0.177179
-0.0735198
-0.173211
-0.0271378
0.199163
0.12998
-0.143653
0.227832
-0.180392
0.353231
-0.196335
0.0340233
0.0443758
-0.0273911
0.162348
-0.0880842
-0.185165
-0.0881647
0.206831
-0.297042
0.143918
0.0433114
0.130699
0.0280554
0.0281955
-0.130117
-0.0222959
0.038683
0.0678799
-0.119975
0.0432171
-0.0529347
0.0361157
-0.0930476
0.0163625
0.0314525
0.197236
0.178086
-0.234241
0.0203064
0.0115554
-0.0116705
0.0625603
-0.0340304
0.0758259
-0.167409
0.111946
0.0134322
-0.00238418
0.0439239
0.0342778
-0.128359
-0.033351
-0.272061
0.489365
-0.364133
-0.12933
-0.00378926
-0.108524
-0.159233
-0.289204
-0.295137
-0.147665
-0.157453
0.209229
-0.105582
-0.257732
0.330432
0.13705
-0.184884
0.211037
0.198735
-0.0144442
-0.0558109
-0.256268
0.00867689
0.0214235
-0.254006
-0.0552553
-0.282381
0.109772
0.18184
-0.103692
-0.166244
0.0119182
-0.0290178
-0.0306949
-0.266687
-0.0791422
-0.293216
-0.142041
-0.177116
-0.308505
-0.030043
0.0867606
-0.0797632
-0.0946734
-0.12443
0.144304
-0.312028
0.314026
0.231077
0.167071
0.345003
0.141851
-0.0361587
0.0183341
-0.0254553
0.000601573
-0.0178041
0.114597
0.00243005
0.0167328
0.0116156
0.325497
0.0673066
0.383359
0.0251156
-0.0225383
-0.00926957
0.0967444
-0.20692
0.246426
-0.347996
-0.0892063
-0.329806
0.15697
-0.101261
-0.230025
0.117233
0.0186408
-0.0381475
-0.409429
-0.401003
-0.118209
-0.194968
0.0146588
-0.173225
0.0969861
0.165636
0.20575
0.33711
0.215602
-0.05029
0.186338
-0.108801
0.202065
0.0395632
0.261889
0.0847307
-0.15543
-0.422797
-0.623196
-0.413106
0.240324
-0.10035
-0.214263
-0.08472
-0.174652
0.244821
-0.233562
0.18086
-0.326585
0.259223
-0.129153
0.077874
0.388272
-0.0510466
0.513845
-0.171463
-0.0673991
-0.152861
-0.087489
-0.297645
0.193618
-0.143319
-0.183997
-0.177381
-0.0696248
-0.117971
0.0286066
0.0475199
-0.0361131
0.163341
0.181566
-0.0787353
0.0502239
0.0711159
0.041989
-0.18581
-0.265868
-0.221277
-0.00349076
-0.00570693
0.0394899
0.0889074
0.111355
0.108447
0.35933
-0.482867
0.352283
-0.161615
0.169216
-0.099348
-0.182329
-0.168933
0.116703
0.031931
-0.0389126
0.0486707
-0.114077
-0.106444
-0.126344
0.00331502
-0.0020233
-0.000344321
0.00110173
-0.00329275
0.00619946
-0.084905
0.167071
-0.118523
0.240193
-0.146667
0.0199454
0.0606354
-0.220326
-0.093884
-0.555478
-0.0367999
-0.297468
-0.432704
0.104891
0.0370483
0.00892781
0.0594226
-0.30452
0.0349571
-0.380108
-0.372076
-0.207915
-0.590079
0.412022
-0.00806438
-0.00304043
-0.0037717
-0.0112892
0.0858638
-0.0831509
0.0160341
-0.0987773
0.262317
-0.0435882
0.2567
0.10531
0.0427186
0.110033
0.0676725
-0.0859529
0.248025
0.00816865
-0.0346748
-0.0196893
0.049812
0.0399118
-0.0889218
-0.121812
0.135647
0.159696
-0.33749
-0.511554
0.389204
0.503543
0.774803
-0.322998
0.71227
0.29171
0.322727
0.283001
0.00958316
0.0238771
0.00502542
0.0920653
-0.102996
0.0367968
-0.272429
-0.03794
0.395713
-0.201391
0.0382241
-0.280322
0.0374348
0.0981085
-0.126567
0.415985
0.24239
-0.419636
0.13979
0.303824
-0.138973
-0.40177
-0.28321
0.0316483
0.229372
0.369838
0.292076
-0.211426
0.235232
0.450853
-0.459337
-0.347438
-0.388426
-0.104428
-0.0797043
0.0516695
-0.0141708
-0.326644
0.238163
0.169519
0.204863
-0.00508152
0.459887
-0.0602787
-0.246862
0.000186676
-8.22632e-05
0.000146049
-0.269604
0.490866
-0.115973
-0.0463187
-0.0681645
-0.0748197
-0.0315978
-0.261131
0.369776
0.482457
-0.668098
-0.473739
-0.17758
-0.193795
-0.146216
-0.0657906
0.135237
0.213126
0.248192
0.097847
-0.19031
0.158239
0.143305
-0.0365823
0.113426
-0.165035
0.0721399
-0.589734
0.435635
0.338105
0.000748866
0.000507497
0.000438907
0.119986
-0.00684468
0.0399323
0.0554997
0.0514128
0.0937021
-0.34723
-0.120482
-0.00580955
-0.0532552
0.0553404
-0.0621534
-0.14309
0.495156
-0.18064
0.313515
0.1538
-0.206457
-0.224405
0.257671
-0.292591
0.430182
-0.104531
0.0684797
0.378716
-0.42042
-0.288426
-0.127936
0.345103
-0.320301
0.0612139
-0.0208066
0.06086
0.00525751
0.0345605
-0.0616109
-0.243584
-0.213861
-0.0575669
0.76949
-0.374567
-0.0711129
-0.0168951
-0.245529
0.0750079
0.00649176
-0.0325956
0.0444817
-0.180556
-0.392749
0.488626
0.121735
-0.0993006
0.161113
-0.136535
-0.0692899
0.0696459
0.343074
0.192857
0.0115693
-0.15611
0.124645
0.0309148
0.0250014
-0.0414544
0.00963794
0.0981278
-0.634167
-0.512471
0.0181253
-0.0211524
0.183561
0.0598322
0.294338
-0.0311416
-0.197477
0.451068
0.478076
-0.0339072
0.0430339
-0.0403478
-0.17086
0.035852
-0.833768
-0.000935767
-0.000286585
0.0077558
-0.170522
0.227228
-0.0320006
0.0601759
0.129501
-0.115578
0.670275
-0.623748
-0.336318
-0.183145
-0.112276
0.0442965
-0.336875
-0.186734
0.0116207
-0.211359
-0.171338
0.25884
-0.205958
-0.0766576
-0.24532
-0.0597653
-0.789547
0.268708
-0.201225
-0.214106
-0.420941
0.0166397
0.174877
0.222304
-0.251119
0.250991
-0.0290415
0.089847
0.264414
0.0280755
-0.219832
-0.24535
-0.0451042
-0.308457
-0.611009
-0.168252
-0.165208
0.180824
-0.150831
-0.247292
0.215699
0.354004
0.129732
0.410498
-0.0204702
-0.0428209
-0.141893
0.0692367
0.609936
-0.36499
-0.241049
0.399618
0.357991
-0.319684
-0.0414186
0.072588
0.0669303
0.125744
0.0492212
-0.233314
0.513486
0.498551
-0.230999
0.249974
-0.185178
0.0150355
-0.289985
-0.146486
-0.104793
0.536445
-0.213467
-0.452155
-0.0197229
-0.0189005
-0.00672446
0.0480118
-0.290285
-0.300373
-0.0289309
0.00974279
-0.0298239
-0.0567137
-0.354865
0.305613
0.0271793
0.472899
0.258947
-0.199689
-0.121018
-0.228146
-0.0342125
0.0269231
0.00657393
0.555178
0.657303
-0.473239
-0.180566
0.184773
0.119732
0.106229
0.039387
0.0636827
0.176439
0.0613855
-0.0794498
0.010089
0.0507085
0.0465684
-0.000310068
0.000352951
-0.000160676
-0.0406048
-0.0108221
0.0263376
-0.376037
-0.00706875
-0.234959
-4.029e-05
2.4088e-05
-4.36574e-05
-0.517188
0.363689
0.364193
-0.142695
-0.292933
-0.436425
0.0512057
0.528905
0.148645
0.0187109
0.292988
-0.429412
0.0357752
-0.063967
0.023647
0.00520682
-0.0126215
-0.0135496
-0.250928
0.117989
0.016051
0.32628
0.186972
0.459199
0.106566
0.568583
-0.0528301
-0.293242
-0.352435
0.0243433
-0.374917
0.0478173
-0.172457
-0.100883
-0.246499
0.232467
0.035082
0.0818397
-0.063985
-0.0934623
-0.0715674
0.137765
0.0744513
0.0441455
0.0803387
-0.0971454
0.0300577
-0.109721
0.0759353
0.0704812
0.157686
-0.0886998
0.0209386
0.115715
-0.0861653
0.249803
-0.1729
-0.0830699
0.149114
0.0784323
-0.0404818
-0.0519427
0.0469554
-0.0620975
-0.102665
-0.172085
-0.0817276
-0.240736
0.111311
0.0478417
-0.218829
0.156348
0.372789
-0.256577
-0.16529
-0.12427
0.0855503
-0.179582
0.029276
-0.0626928
-0.0634757
0.122932
-0.0690416
-0.556151
0.108616
-0.0414753
0.0407842
0.0719046
-0.0367916
0.105809
0.0490915
-0.230354
-0.201152
-0.00412596
-0.120914
-0.107354
0.0261065
-0.132377
-0.102876
0.263461
0.0120364
-0.582932
-0.0371669
-0.0503672
0.045531
0.690254
-0.596717
-0.281225
0.0489149
0.00141131
0.100408
-0.28082
0.219403
0.448847
-0.0253838
0.0708408
-0.150387
-0.00909492
-0.386151
-0.45459
-0.0407265
0.1042
0.0940003
-0.137222
0.37948
0.204788
-0.0846225
0.205141
0.156592
-0.151815
-0.0329852
-0.179522
0.35846
0.196623
-0.2764
0.0570726
0.32221
0.165026
0.204533
-0.278732
-0.064083
-0.0522801
0.143474
-0.0361357
0.173868
0.126206
0.285368
-0.0832707
0.165306
-0.12132
-0.217381
-0.181378
-0.183992
0.0164142
-0.0251647
0.0301213
0.211921
-0.229711
0.270734
-0.0104396
0.00364853
-0.0629176
0.152971
-0.0339667
-0.408376
-0.259207
-0.259874
0.215952
0.210011
-0.319287
-0.402973
0.0780813
-0.0659831
0.0835526
-0.00329338
-0.00166514
0.00192519
-0.29181
0.00174288
-0.283852
-0.0780052
-0.0280226
0.0348674
-0.0284548
-0.0210429
0.0212842
0.0447691
0.0172308
0.0117568
-0.137752
-0.212036
-0.190395
0.108043
0.131916
-0.0659307
0.0153291
0.127397
0.123252
0.000791722
-0.000159955
0.00163154
-0.120038
-0.246735
-0.154696
-0.0316786
-0.0492821
0.0303622
-0.0771937
-0.0222729
-0.00400801
-0.0830804
-0.198447
-0.023376
0.0360296
0.208743
-0.199346
-0.00988932
-0.00590534
-0.00525453
0.614013
0.33937
-0.262354
-0.0941898
-0.111823
-0.0121285
-0.47341
-0.116385
-0.0315481
-0.386326
0.742949
-0.426
-0.0598303
-0.244144
0.105161
-0.484898
-0.328305
-0.496608
-0.256258
0.039122
-0.280595
0.129739
0.281019
-0.0811002
-0.0925162
-0.0857621
-0.0301423
-0.11882
0.0206502
0.0263111
-0.0754149
0.132031
0.0216132
-0.0232397
-0.0180021
0.0263559
0.177012
0.290591
-0.289211
-0.0337498
0.0827073
0.0800317
0.214454
-0.0475535
-0.327338
0.0763814
0.198546
0.0838207
0.0538906
0.186368
-0.0116541
-0.305898
-0.36503
-0.0363107
0.00851509
0.15555
0.26997
-0.142098
0.198959
-0.115342
-0.150977
-0.430996
0.317571
-0.16376
0.384068
0.083096
-0.0230995
-0.0507192
-0.0765908
-0.599452
0.239906
0.146622
-0.059581
0.430514
0.157157
-0.0121506
0.00859476
-0.0111398
0.185697
-0.320392
0.0087994
0.0198601
-0.0457382
-0.0105679
-0.296697
0.310852
0.0375848
0.102622
0.162614
0.121381
-0.0907251
0.270937
0.101321
-0.000777481
0.032224
-0.0450331
-0.334861
-0.116044
0.190241
0.0607305
0.068768
0.0120931
-0.0184614
-0.359482
0.354923
0.269515
0.121306
0.0127412
-0.0429523
0.0431687
-0.0154814
0.566484
-0.33543
0.0539587
-0.245212
0.421851
0.150514
-0.0474178
0.299816
-0.138739
0.0230116
-0.00731799
0.00160075
0.198045
0.277259
-0.244296
0.29007
0.176278
0.0848195
0.0204007
-0.0929014
-0.00773258
0.357294
0.288256
0.299629
0.0135394
-0.000782694
0.0628803
0.26422
-0.295254
-0.299803
0.224476
-0.167568
-0.0370403
0.00245714
0.314587
-0.153208
0.273923
0.532698
-0.45086
-0.0589078
0.0692955
0.0302018
-0.0924504
-0.00660897
-0.0382262
-0.0909549
0.1061
0.158772
0.0407167
-0.271777
-0.163202
-0.183492
-0.170367
0.00308101
0.140009
0.990719
-0.370132
0.101532
0.360719
0.370996
-0.27573
-0.17964
-0.193892
0.257173
-0.283879
0.222851
0.016425
-0.00421352
-0.0434441
0.0798596
0.124728
-0.12529
-0.175859
0.0194713
-0.222847
0.0678797
0.226187
0.1813
0.160809
0.195776
-0.241336
-0.0207872
-0.0402312
-0.0422739
0.102183
0.127464
-0.0827282
-0.0106228
0.0353711
0.0637316
0.462961
0.44454
0.532301
0.0745299
0.125715
-0.0492827
0.0614895
-0.61992
0.284904
0.0176635
-0.0282502
-0.0239411
0.197933
0.0795537
-0.381548
0.103952
0.0512335
0.22334
0.219914
0.353425
0.00662431
-0.0949553
0.229161
0.185654
-0.0819853
-0.146509
0.0453018
-0.0278703
-0.00844334
-0.0104895
0.0861087
0.00781541
-0.0701463
-0.0236071
0.0117066
-0.00129508
0.0950182
0.478741
0.440475
0.0120639
0.0724192
0.0975728
-0.159392
0.0345754
-0.401622
0.145225
0.185626
0.27776
-0.223552
-0.340099
0.400042
-0.0211232
0.0199361
0.0170408
0.00471455
-0.00790227
-0.0167158
-0.194753
0.0330944
-0.199253
0.0161346
-0.00521604
-0.00598055
-0.0311808
-0.0876903
0.0115952
0.426338
-0.17749
-0.193792
-0.0129238
0.0235745
0.0117394
0.395155
-0.119108
-0.09566
0.138719
0.0817922
-0.094298
-0.0614563
0.16101
0.136983
-0.228954
-0.111488
0.294315
0.378514
-0.144161
-0.474659
0.00100297
-0.00499667
-0.0113586
-0.115312
-0.292632
0.0645264
-0.0714178
-0.050611
-0.160712
-0.00950874
0.00555774
0.00755032
-0.171494
0.0334714
-0.079581
-0.332704
-0.169354
-0.499467
0.157396
0.237899
0.0417498
0.00527051
0.00795681
0.00449292
-0.367465
0.0277449
-0.0209746
0.476502
-0.289316
0.0638624
0.0390492
0.0526099
-0.0405962
-0.03044
0.0614713
0.0730194
-0.21956
0.295188
-0.144028
0.115439
-0.410383
0.0660137
0.0573696
-0.0335615
-0.0799714
0.0331538
0.0667248
-0.120848
0.272824
-0.216181
-0.265276
-0.189743
0.0169892
0.228698
-0.465446
-0.33127
0.112606
0.449933
0.0275023
-0.150137
0.282408
-0.0181557
0.117425
-0.0695823
0.115266
0.36827
-0.153201
-0.361612
0.0328264
-0.215329
0.0600697
-0.709267
0.176498
-0.154658
-0.239944
-0.0536842
-0.0108157
0.017641
0.0292334
0.0488551
-0.0865552
-0.166384
0.253546
0.227695
-0.0525788
-0.436021
0.0495924
-0.114504
-0.180849
-0.175305
-0.272295
-0.292363
0.282127
-0.177681
0.317124
-0.365184
-0.0740768
-0.0823221
-0.171976
-0.518948
-0.0171122
0.552217
0.124993
-0.207346
0.0942371
-0.0371148
0.0246469
0.0297535
-0.109312
0.0630704
0.140176
-0.424393
0.0728506
0.317353
0.411033
0.0781603
-0.471897
-0.162357
-0.18652
-0.10543
0.289117
-0.118384
0.52996
0.112178
0.0240214
0.0715082
0.213809
-0.12694
0.232967
-0.466312
0.0265409
0.100259
0.154868
-0.168831
-0.0593412
-0.130646
0.069423
0.0921965
0.151968
0.688882
-0.705236
-0.00376978
-0.00692046
-0.00450796
-0.0107468
0.0485442
-0.00363927
0.0161167
0.00222309
-0.0178511
-0.0522855
-0.00430133
-0.0306379
0.106051
0.118447
-0.12881
-0.352025
-0.135594
-0.203165
-0.294718
0.0639227
-0.462484
0.0237535
0.0349775
0.0335611
0.0302399
0.0287692
0.0230119
0.015903
-0.0572481
-0.209536
0.00230357
0.0093746
-0.00303101
0.220279
-0.1727
-0.073388
0.0794133
-0.187874
-0.323221
-0.214527
-0.199329
0.380462
0.125765
0.28697
-0.0871263
0.0239821
0.085946
0.175579
0.205828
0.0871994
0.0848945
0.0126668
0.0272123
0.0175308
0.0333794
0.0459379
0.287525
-0.306771
-0.216975
-0.603897
-0.0330509
-0.109312
0.0855883
0.0396302
0.0027359
-0.0405848
0.126648
0.23266
-0.158924
-0.0187162
0.0480908
-0.023416
-0.057678
-0.0369569
0.0369025
-0.424376
-0.181262
0.313835
-0.260351
0.343253
-0.437492
-0.00479467
-0.0128207
-0.0153086
0.0395636
0.035386
0.012787
-0.242986
-0.100705
-0.121235
0.247091
0.39279
0.403546
-0.00792165
-0.0111003
0.0129214
0.0415248
-0.270434
-0.190361
-0.28262
-0.221868
-0.235544
0.0127325
-0.312407
-0.046594
-0.0141567
-0.0533406
0.0383649
-0.0542964
0.00313097
-0.0429678
0.0990659
-0.242588
-0.113041
0.550712
-0.28778
-0.0962581
0.273427
-0.167296
0.253989
0.426811
-0.189231
0.187042
-0.0254717
0.154438
-0.0440698
-0.0274555
0.0986079
0.0643251
-0.0361743
-0.107844
-0.109738
0.00353221
0.0655441
0.056993
0.425021
-0.113842
-0.379903
0.136324
0.0361724
-0.0981408
-0.0994765
-0.192027
0.151755
0.131325
0.021151
-0.00929622
0.0914219
-0.129014
-0.197472
0.1886
0.473491
-0.223019
-0.13581
-0.0620603
-0.159093
0.309176
-0.0873042
-0.0465943
-0.0240912
-0.0109165
0.0483442
0.164315
0.345006
0.479613
-0.0478458
0.0129994
-0.0205554
-0.0370488
0.254979
0.319263
-0.0145109
-0.2115
-0.131747
-0.0662641
-0.127335
-0.00374221
0.311676
0.0786574
-0.268122
-0.0934356
0.207045
0.356756
0.0989336
0.0220438
0.0333752
-0.0194149
0.114934
0.0730987
-0.141419
-0.100422
-0.111908
-0.0282023
0.0158905
-0.0220561
0.0816391
0.00859776
-0.0434691
-0.0197891
0.0131179
-0.021773
-0.0954803
-0.0689419
0.0324426
-0.0071737
-0.00874173
-0.00374288
-0.0196804
0.0550695
0.0617607
0.012467
0.0180777
0.00366458
0.446576
-0.0983221
0.386131
-0.0784333
-0.226035
0.210294
-0.0252542
0.0773759
0.0362255
0.0167039
0.00262293
0.0625791
-0.0175102
0.0427145
0.0731062
-0.252784
0.0578996
0.140737
-0.150417
0.118954
0.0558976
0.0654605
-0.497294
0.744054
-0.167062
0.184157
0.0508884
-0.27157
0.326595
0.133783
0.00610696
-0.374364
0.129935
-0.20772
0.0857974
-0.096951
0.0518576
-0.0522086
-0.0215501
-0.920096
-0.370403
0.0313262
0.229255
-0.281839
-0.261135
-0.320102
-0.345016
-0.180216
0.137167
0.123778
0.18339
0.241919
0.216379
0.100143
-0.0293678
-0.391078
0.133217
0.0609408
0.0887122
0.0701304
0.0432044
0.152247
-0.0129269
-0.0139392
0.0132487
-0.028636
-0.153932
0.0982252
0.0745687
-0.0183596
-0.230033
0.163456
-0.0793914
0.0956579
-0.00892706
0.123806
0.0882326
0.141925
-0.236496
0.359047
0.349002
0.0612063
0.012298
-0.105656
-0.547817
0.0158831
-0.00773258
-0.0142039
0.052744
-0.216861
-0.185568
0.101556
-0.505203
0.190008
0.295888
0.0874996
0.162635
0.772423
0.0269934
-0.0158259
0.00318646
0.0113702
0.179132
-0.238026
0.357931
-0.191856
-0.204758
-0.233984
-0.0801872
-0.250394
0.0569572
-0.290408
0.235984
-0.0931521
-0.100963
0.114329
-0.0397231
-0.006772
0.00088941
0.0136752
0.337637
-0.246811
-0.421582
-0.0970559
-0.00482752
-0.150137
0.196401
0.0928214
-0.167775
-0.00418601
-0.0640661
0.091372
0.661363
-0.603521
0.505729
0.0774724
-0.0496059
0.0567323
-0.247333
0.254267
-0.0981101
0.0141341
0.0370056
0.0238069
0.154259
-0.134813
-0.304775
-0.102839
-0.368646
-0.59487
0.641335
-0.143016
-0.0517317
0.156464
-0.122599
0.232208
-0.362071
-0.108798
0.212616
-0.279558
-0.372097
-0.487301
0.260977
0.0533119
-0.0230267
-0.027773
0.120185
0.0611724
-0.123242
-0.188587
0.0332294
-0.638368
0.0901495
-0.642083
-0.0277811
-0.0144287
0.051299
-0.512033
-0.448009
-0.230127
-0.144817
0.0142547
-0.152994
0.303554
0.426381
0.27004
0.0182073
0.0675941
-0.0882392
-0.168957
-0.440175
-0.539587
-0.0820149
0.179357
0.14732
-0.094397
0.0388133
0.350499
0.0166064
0.465392
0.531116
-0.59305
-0.35134
0.204487
0.292008
-0.384895
-0.039936
-0.0218128
-0.00753349
-0.02149
-0.0785468
-0.00930546
0.1445
-0.0369882
0.0169741
-0.0294867
-0.389143
0.272464
-0.156338
0.0355257
-0.0882585
-0.14757
0.0983973
0.286513
-0.167182
0.148397
-0.00578002
0.293656
0.195032
-0.213836
0.193761
0.0956319
0.0276791
0.0723849
-0.266774
-0.177425
-0.0317263
0.126946
-0.279078
0.499049
0.0675758
0.0166723
0.0218649
0.217809
-0.0273424
-0.077222
0.154608
-0.0239965
0.341826
0.14326
0.570701
-0.0929508
0.2703
0.0170496
-0.0751097
-0.0651239
-0.0241326
-0.161674
-0.0265356
0.0493597
-0.0511929
0.32479
0.147568
-0.0860725
-0.0855791
-0.11507
0.0246166
-0.172894
-0.104728
-0.00164464
-0.129258
0.248028
-0.0910867
0.211621
0.348402
0.314369
-0.283055
0.04032
0.2746
-0.0698857
0.133217
0.306093
0.0561238
-0.223773
-0.169577
0.00253938
-0.0705794
0.054734
-0.26363
-0.0111445
0.277373
0.049045
0.0253125
0.00512414
-0.489712
0.19992
-0.337396
-0.26121
0.178984
-0.104478
-0.505403
0.569002
-0.127583
-0.00100597
0.00428159
0.00392319
-0.064567
0.122663
0.0491321
-0.151681
0.586557
-0.277447
-0.100711
-0.0688706
0.0670556
-0.015501
0.002481
-0.0110125
0.267344
-0.0391786
0.0768283
-0.0238591
-0.0355866
-0.0296555
0.0764282
0.124362
-0.0145608
0.129855
0.155823
-0.664515
-0.0184117
-0.0110393
0.0293238
-0.245998
-0.057789
-0.234103
-0.509138
-0.714317
0.495538
0.185723
-0.44381
0.17121
0.0348685
0.11082
0.51752
0.0805703
-0.0181317
0.0780131
-0.187781
-0.158219
-0.0200051
0.295202
0.0140423
0.14031
0.170879
-0.212544
0.253193
-0.119614
-0.141813
0.426144
-0.692224
-0.273894
0.016913
-0.151483
-0.311824
-0.106554
0.193948
0.0747418
-0.224169
0.133496
-0.294419
-0.0457307
0.3424
0.00427868
0.467575
-0.0623326
0.488169
0.10271
-0.0859909
0.00571884
-0.140416
0.155796
0.238755
0.33306
-0.161012
0.157908
-0.46863
0.0357298
-0.0068391
-0.0356549
-0.107435
-0.00659878
0.137616
0.200268
-0.168523
0.208396
0.0274067
-0.0509748
-0.0950019
0.167788
-0.131032
-0.0173389
0.160536
0.117711
-0.05552
-0.0514426
-0.028004
0.10203
0.187863
0.43347
-0.198877
0.0316222
-0.00402678
-0.0317843
0.0655638
-0.0499905
-0.0884547
0.01554
-0.0297643
0.0366284
0.155984
-0.258777
0.00725406
0.219906
0.210054
-0.14613
-0.494893
-0.733941
0.380755
-0.0301268
0.0249875
-0.0129887
0.39417
0.0818314
-0.103635
-0.0707035
-0.0917498
0.0875153
-0.0774499
-0.0420485
0.0376378
-0.151064
-0.329499
-0.24291
-0.0893367
-0.0432927
0.199582
0.0657087
0.00362775
0.112586
0.466664
-0.493696
-0.0920484
0.00468217
-0.0409182
0.0530916
-0.763451
0.318973
-0.221238
-0.215568
-0.149349
-0.197631
-0.188525
-0.172806
0.191182
-0.157306
-0.157259
-0.142891
0.0105809
0.0303032
0.0112043
-0.0426934
0.200574
-0.13796
0.207705
0.338209
-0.321835
-0.211929
-0.084537
0.0608639
-0.0674406
0.0487009
-0.0379643
-0.0689911
0.170659
-0.0994395
-0.647343
0.544778
-1.03343
-0.019993
0.00448221
0.0198971
-0.0821692
-0.0173035
-0.166015
0.00586977
-0.0504056
0.0382036
-0.120075
0.143161
-0.0949109
-0.233405
0.104363
-0.145461
-0.0747041
-0.0688513
-0.0947844
-0.023404
0.00228901
0.0228707
0.0728954
-0.183296
-0.140129
0.0735027
0.00416281
-0.0271554
0.00917387
-0.0454082
-0.0839397
0.000587755
-0.0017482
0.00549335
0.0645865
0.0656997
-0.0435844
-0.0824333
0.015181
-0.127284
0.0581614
0.39993
0.0702675
-0.0284338
-0.103763
0.139508
-0.00137965
0.0471588
0.058148
0.193558
0.171649
-0.166455
0.0718397
0.00819188
-0.0712928
0.0322061
-0.010129
-0.115171
0.500291
0.228751
0.363868
0.0244116
0.0476406
-0.0679046
0.0973544
0.138236
0.198944
-0.15939
-0.324254
-0.341236
-0.0157583
-0.051794
0.00495671
0.310152
-0.160239
0.163962
0.0434372
-0.0185945
0.018642
0.0613322
-0.0113761
0.0752997
0.703148
0.323806
-0.237489
0.121293
0.245412
0.358399
0.448322
-0.726235
0.368059
0.225203
0.00775791
0.0326155
0.214657
-0.0234903
-0.339018
-0.0272757
-0.0133057
0.00710538
-0.570341
0.543669
-0.435763
-0.193488
0.00605773
0.043226
-0.361187
-0.0900018
-0.171306
-0.0406148
0.0147693
-0.0249066
0.039924
-0.365438
-0.0950524
0.0553438
0.0191709
-0.114649
-0.356805
-0.476186
-0.435952
-0.345085
0.00522559
0.00474303
0.274073
-0.0345932
0.0693788
-0.199564
0.118545
0.136465
-0.112656
0.0337199
0.0716282
-0.0877758
0.0278702
0.142
-0.0404347
-0.137133
-0.0366913
0.0132414
-0.00252947
0.0175561
-0.0128763
0.266111
-0.269849
0.0498221
-0.136214
-0.418551
0.0727123
-0.0996719
0.322849
-0.048297
0.0216777
0.145015
-0.13465
0.0991624
0.108065
-0.199715
-0.0386442
0.209439
-0.0586149
0.0656218
-0.0397288
0.0144678
-0.00643593
-0.0290525
0.208034
0.00868304
0.117924
-0.0637939
0.0313987
0.0833065
0.140375
-0.24099
-0.0808461
0.214332
0.13749
-0.00189981
-0.0316147
0.158883
0.035949
0.123845
-0.150684
-0.0578577
0.0275331
0.00738653
0.0473855
0.0273419
0.147805
0.0517813
-0.00280407
0.00745852
-0.0109715
0.0435813
0.213921
0.165207
-0.0515574
-0.0590892
0.0647461
0.0172405
-0.0496107
-0.0387787
-0.0202628
0.0863544
0.338746
0.0189516
0.331099
-0.224826
0.622995
0.169518
0.274337
-0.076054
-0.00741891
-0.177798
0.0337532
0.00423168
-0.0325122
-0.0757942
0.0437797
-0.00497528
0.011915
0.0751964
0.0384735
0.316354
0.288499
-0.104053
-0.229504
-0.260224
-0.0321668
-0.127545
0.30221
-0.321522
0.113849
0.0135541
0.121898
0.390278
0.00790775
-0.0992238
0.242287
0.181291
-0.063661
0.516638
-0.619142
0.423773
0.0440493
-0.0174697
0.0179075
0.0303794
-0.102174
-0.727697
-0.149144
0.128206
0.16853
0.0556968
0.0870368
-0.0348415
-0.418999
0.403468
-0.0624823
0.0398114
0.0667214
0.0258718
-0.0515126
-0.115551
-0.0763017
0.172043
0.123354
-0.300898
-0.0251928
0.287198
-0.160659
-0.0289444
0.0716117
0.0397971
0.0564736
-0.445559
0.17375
0.233536
-0.0444908
0.188373
0.0721069
-0.472308
-0.130949
-0.151629
-0.180231
-0.244221
0.304745
0.00392598
-0.163412
0.0832479
-0.203462
-0.179063
-0.260944
0.169501
0.0401345
-0.105139
0.0309925
0.198013
0.488373
0.0195311
-0.503947
-0.0412261
0.0314542
-0.0454671
0.0701854
-0.0116451
0.0146368
-0.0948539
0.166083
0.00695548
-0.0540446
-0.259049
-0.144221
0.204837
0.0210673
0.216273
0.30383
0.28396
0.217937
-0.225314
0.0498859
-0.226949
0.166559
0.415139
0.0950488
0.0264739
-0.00654921
-0.0294084
0.0436063
0.374552
0.32592
0.185111
-0.292572
0.224813
0.125786
-0.0184223
-0.219144
-0.0320031
-0.0183831
0.0264357
0.0914758
0.0482373
-0.259285
0.0315293
-0.0514784
-0.0535712
0.125597
-0.0421921
-0.18044
-0.174356
0.15949
0.180508
-0.169843
0.554973
-0.157223
-0.0475981
0.112262
-0.153374
0.147261
0.173514
-0.00112534
0.0320402
0.0301079
-0.0375204
0.133359
-0.00703664
-0.165153
-0.0909678
-0.0175101
0.0564859
0.245629
0.180378
0.184229
-0.0210089
0.0320754
0.0114579
-0.19653
0.0358745
-0.239065
-0.468633
0.143539
-0.0130462
-0.211636
-0.100247
-0.108377
0.073222
-0.0204
0.0465665
-0.271367
0.0693047
-0.444501
0.508073
-0.0688796
-0.0580636
0.0191807
-0.0337901
-0.227253
0.268273
0.226241
0.0636352
0.0764823
0.0615487
0.150805
0.0476866
-0.117154
0.557964
-0.0371365
-0.0575539
-0.039056
-0.00982946
-0.0117952
-0.00900074
0.0232741
-0.136868
-0.144324
0.391188
0.226326
-0.355468
0.240992
0.366015
0.194265
0.236527
0.0231507
-0.161181
0.0160192
-0.0167686
0.0135403
0.186296
0.00342427
-0.238892
0.151349
0.197637
-0.0753009
0.0856639
-0.0590059
0.246869
0.074246
-0.250858
-0.0684059
-0.657655
0.551547
-0.269703
-0.039306
-0.0576952
-0.000164608
0.408294
0.0744138
0.405231
-0.0935356
0.121442
0.0882686
0.648299
-0.297255
0.213165
0.0851709
-0.129034
-0.112165
0.116425
0.0113168
-0.0813458
0.0360324
0.186729
-0.345555
-0.290224
0.1248
0.309868
-0.141627
-0.228255
0.230016
0.26664
-0.366334
0.0386665
-0.257314
-0.129077
-0.188493
-0.0484607
0.042394
0.179472
0.0498029
-0.0556809
0.112285
0.25579
-0.268691
0.00660186
0.0185431
-0.0128802
-0.00228621
-0.0685576
0.0196446
0.0120247
-0.016138
0.0197323
0.0161396
0.379545
-0.323024
-0.127228
-0.0219162
0.154422
0.0869219
-0.471522
0.430577
-0.140025
0.0171523
-0.0359078
0.0248108
0.0500369
0.0879572
0.336452
-0.195208
0.360804
-0.217994
-0.0458806
-0.0176066
0.0455483
-0.208322
-0.480034
0.264541
-0.00135793
-0.0137538
0.0226688
0.1124
0.0708805
-0.119548
0.265483
0.380187
0.241767
-0.104024
-0.346048
0.240616
0.0937154
0.109806
-0.100003
-0.117802
0.0600398
0.121865
-0.129214
0.211647
0.0575665
0.0215655
-0.0395169
0.244886
0.694464
0.0181714
-0.440713
-0.10925
0.0749911
0.0120885
-0.111324
-0.471098
0.448895
-0.0793738
0.295396
-0.0887901
-0.193991
0.145647
0.181632
-0.311477
0.327081
0.269576
-0.0526618
-0.106277
0.0866583
0.0198158
-0.0194749
0.00220364
0.000693789
-0.0107854
-0.0570536
0.0202249
0.159654
-0.21028
0.0526324
-0.109076
0.022353
0.226885
-0.217159
0.225086
-0.00457335
-0.00839541
-0.00987096
0.0488391
-0.0228382
0.0540285
0.0432565
-0.0210226
0.00403434
0.131364
-0.473681
-0.298865
-0.102881
-0.0493899
-0.20235
-0.00909752
-0.175773
-0.170414
0.0062531
0.00204673
0.0107574
-0.0260267
0.0182315
0.0336762
0.190355
-0.102105
-0.25806
0.274883
0.460458
0.249262
-0.0891292
0.158662
0.130676
0.208945
0.218472
-0.111782
-0.0363554
0.00764997
0.0992538
0.179045
0.0985319
0.123734
-0.090754
0.318328
-0.346403
-0.181506
0.260171
-0.428303
0.121461
0.450122
-0.301811
-0.0430114
-0.0137154
0.0364627
0.0477279
0.338448
-0.137897
-0.00433999
-0.00114093
-0.00392966
0.203705
-0.154517
0.0894024
0.080463
0.185276
-0.177609
0.390404
-0.471189
-0.0534155
-0.178823
-0.0936398
-0.144784
-0.401028
-0.186432
-0.449332
-0.0371599
0.0555845
-0.0692945
-0.27969
-0.0354662
0.616866
-0.0162125
-0.00792237
-0.0412401
0.103086
0.528104
-0.371167
-0.283484
-0.15069
-0.355155
0.315106
0.140048
-0.0983468
-0.00479099
-0.100952
0.0353243
0.026831
0.165735
-0.0199657
0.00235444
0.00475496
0.00790461
0.032442
-0.020996
-0.0135748
-0.514187
0.502662
-0.0626768
-0.213448
0.3215
0.0335904
-0.0173198
-0.122702
0.141825
0.00367157
0.0529965
0.0181026
0.0190224
0.00186621
0.00331866
-0.25722
0.577036
-0.307003
0.00292645
0.00293131
-0.0173072
0.00808587
0.00868537
-0.0126781
-0.102741
-0.0467961
-0.190463
0.0793511
-0.24286
-0.591993
0.0265384
0.0383061
-0.0242385
0.227862
-0.150694
-0.194561
-0.0199251
-0.0811308
0.0444021
-0.0101283
-0.112403
-0.141086
-0.037947
-0.193365
-0.351071
0.00297401
0.0142295
0.0097961
0.0065138
-0.0366188
-0.0253797
0.0696756
-0.0227721
-0.107538
0.175642
0.00443806
-0.201523
0.225698
-0.151761
-0.504885
-0.134894
0.110839
-0.358991
-0.260002
-0.254384
0.298831
0.184831
-0.132176
0.305451
-0.08911
0.0342567
0.0310934
-0.089692
-0.111371
0.0113278
-0.112106
0.388307
0.0513433
-0.207965
-0.0232562
-0.444772
-0.0524726
-0.242394
0.303768
-0.0660864
0.410655
0.189103
-0.296044
0.0546521
0.180532
-0.283179
0.16248
0.300501
-0.0654214
0.243661
0.20153
0.472365
0.248639
0.387774
0.447282
-0.190817
-0.48314
-0.333854
-0.0490081
-0.268423
-0.129776
0.000661557
-0.146804
0.0366859
-0.266653
0.256328
-0.0841846
-0.20167
0.0961722
0.190458
0.0429681
-0.244274
-0.0111475
0.00259342
-0.0192551
0.14522
-0.175977
0.25657
-0.129517
-0.096918
0.0711377
0.329025
0.260685
-0.159206
0.0691974
-0.599552
0.295738
0.0375006
-0.252871
-0.271883
0.341452
-0.128353
-0.402651
0.0435928
-0.101015
0.312087
0.270535
0.220547
-0.15159
0.160009
-0.388174
0.00419258
-0.31489
0.393429
0.180946
-0.104331
0.220919
-0.290949
0.273001
0.160921
-0.226534
-0.0311564
-0.00152888
0.0764891
-0.148599
-0.451425
0.20543
0.0263455
0.0110475
0.0199225
-0.0859972
0.148367
0.0468717
-0.0508221
-0.214085
-0.255846
0.591385
0.0857302
-0.0641527
-0.351195
-0.097101
-0.0166542
0.14232
0.313505
-0.0309257
-0.216298
-0.189777
0.935456
-0.00190421
0.0862238
-0.184971
-0.240626
-0.145688
-0.0525009
0.312496
0.320479
-0.255847
0.169763
-0.00917985
-0.316066
-0.255183
0.291752
0.0296173
-0.612114
-0.294977
0.0198114
-0.141583
0.0733851
-0.00699128
0.17233
0.11795
-0.00788696
-0.752391
0.0675934
-0.353227
-0.658961
-0.0665819
0.127599
-0.106046
-0.360996
0.347353
-0.0185747
0.0689691
0.184863
-0.325286
0.127781
-0.120604
-0.0762997
-0.0517696
-0.0232657
0.0576028
0.099411
-0.0436835
-0.992021
-0.0738416
0.799737
0.0197055
0.0811788
0.0481159
0.063149
0.0858446
0.0263509
-0.00419634
0.310704
0.382712
-0.0142861
0.0122723
0.0565427
-0.00147056
-0.0137913
-0.0186267
0.0241397
-0.0209711
-0.0333467
0.461409
-0.24066
0.0224368
-0.0329269
0.00503365
0.00539326
-0.0235884
0.321884
-0.1026
-0.00670784
-0.0117352
0.00881577
-0.0833008
-0.0867846
0.109975
-0.533026
0.0542567
-0.425849
0.208803
-0.111146
-0.216506
-0.11429
-0.0463389
0.0647104
-0.0363797
-0.0362599
0.0435898
0.332991
0.348877
-0.484948
-0.189965
0.176371
0.105796
0.0800941
0.164865
-0.195944
-0.0313404
0.0706779
-0.144516
-0.264542
-0.499281
-0.073552
0.354243
0.368635
-0.346123
0.17381
-0.237667
0.0589594
-0.237442
-0.241186
-0.329473
0.277974
-0.322247
-0.410167
0.273635
0.0759127
0.00674249
0.0673574
-0.0111262
-0.0310297
-0.0352453
-0.0159279
0.0423586
-0.841384
0.147599
-0.533745
0.0209695
0.069657
-0.0182436
0.58702
0.235329
-0.0851305
-0.139825
-0.146189
-0.0118773
0.0768694
0.116666
0.0479
-0.251209
0.366562
-0.00147847
-0.116795
-0.226441
0.194622
-0.164648
0.286961
0.163141
0.150107
0.0488601
-0.192824
0.0951567
0.151665
0.101188
-0.00838266
-0.0134128
0.00648227
-0.309241
-0.123404
0.0342339
0.276505
0.597359
0.161781
-0.0380035
0.0480093
-0.0704614
-0.0350657
0.0334196
0.00997705
0.0577472
0.0651133
-0.0339984
-0.0109227
0.112539
0.19669
-0.0104882
-0.265597
0.23713
0.028789
0.0400772
0.00548686
0.012522
0.0529977
0.0382481
0.00301851
-0.00584581
0.00647185
-0.028411
-0.0020922
-0.0355727
0.551529
0.0796811
-0.0862962
-0.00894135
-0.0514315
-0.0310244
0.0914394
0.00799331
0.0170497
-0.1051
0.150452
-0.253346
0.0282257
-0.0842014
-0.09127
0.0998235
-0.131403
-0.0655264
0.285764
-0.0598055
-0.136544
-0.512754
0.441589
0.135177
0.00845003
-0.0556573
0.0188535
0.0382983
0.0848595
-0.0300447
0.187955
0.18941
-0.135619
-0.200842
-0.179634
-0.146539
0.212363
-0.0520311
0.249664
-0.116025
-0.101479
-0.0593808
0.265036
0.0299539
0.114944
0.104081
0.173328
0.0916741
-0.32815
-0.489095
-0.394825
-0.131971
-0.234194
-0.235598
-0.209651
0.0709577
-0.21533
-0.107534
-0.111591
0.117735
0.000605061
-0.00219828
0.00656799
-0.326419
-0.000675823
-0.246876
0.00108066
-0.00589774
0.102702
0.00234793
-0.168234
-0.167079
0.00637305
0.0029606
-0.00502538
0.114876
-0.180154
0.261653
-0.111478
0.032399
0.187346
0.02482
0.156829
-0.0712727
0.263108
-0.202061
0.0487373
0.165671
0.0207017
0.170196
0.0777224
-0.258717
0.268003
-0.0859494
0.101257
-0.00746885
-0.0631324
-0.0807604
-0.0283435
0.0500326
-0.388057
-0.0621771
0.132777
-0.206507
-0.194597
-0.00849977
-0.0581265
0.0589281
-0.0144249
0.0121591
-0.0136366
0.350168
-0.177782
-0.216314
0.219873
-0.372855
0.500141
-0.0332204
-0.0212875
0.000179853
0.397484
0.0525677
-0.229408
-0.115109
0.0179458
0.108491
-0.0427877
-0.0280778
-0.00267021
0.466053
-0.120421
-0.584208
0.0151464
-0.0467626
-0.073153
0.024835
0.114276
-0.0699946
-0.173139
-0.105059
-0.450229
0.164854
-0.162753
-0.482852
-0.01442
-0.101031
0.232924
-0.212725
-0.231545
0.0796114
0.236648
-0.189386
0.0383442
0.386131
0.0593266
-0.212006
-0.0123165
-0.240349
-0.296917
0.130457
0.143637
0.132383
0.321362
0.0163537
0.325561
0.0271042
0.27815
0.260403
0.19423
0.0488573
-0.251783
-0.333856
0.259493
0.0927178
-0.0908863
-0.00142726
-0.0645746
-0.141902
-0.925614
-0.0360857
-0.173389
-0.339451
-0.616844
-0.0293458
0.0447909
-0.0805318
0.0986263
-0.00407064
0.0937906
-0.14342
0.163456
0.000369119
-0.346384
0.470377
-0.13632
0.564534
-0.230116
0.158327
0.223366
-0.334537
-0.072952
0.0392057
0.0221984
-0.0173084
-0.0957803
0.744184
0.0414948
0.107914
0.394397
-0.533074
0.365635
0.1934
0.406535
-0.0180839
0.0708266
-0.0269403
0.0162872
0.262929
-0.270749
0.233411
0.125436
-0.130661
0.0729959
0.118552
0.040796
0.263197
0.0459187
0.326007
-0.0285996
-0.107565
0.137049
0.073254
-0.102371
0.174428
0.0178336
0.0500591
-0.0113275
-0.618623
-0.405782
0.254668
0.0462046
0.0083552
0.168008
0.0166389
-0.0156267
-0.0208554
0.473571
0.0655988
-0.130694
0.300599
0.0945016
0.0742083
0.488681
0.00962284
0.0553229
0.0691682
0.23039
-0.00498575
0.282482
-0.122692
0.183781
-0.0168809
0.0112481
0.0222105
-0.307707
-0.202481
0.459462
0.0162827
0.0123017
0.663183
-0.0942313
0.322114
0.119703
0.0846382
0.0926742
0.0206549
-0.336723
-0.235287
-0.226721
-0.182225
-0.0432967
0.143212
0.146644
0.242886
-0.339341
-0.0906681
0.111217
-0.11502
-0.635226
-0.0536581
-0.383049
-0.0570781
-0.400335
-0.29553
-0.0903417
-0.129857
-0.0852629
-0.00878581
0.00381317
0.236171
-0.0438013
0.00316359
0.0386742
0.0298615
-0.149964
0.0696121
-0.146023
0.104677
0.342038
0.0478407
-0.0493136
0.030972
0.0126346
-0.061673
0.00752105
-0.514304
0.149565
-0.1516
0.0188697
-0.0170012
-0.029362
-0.223394
-0.0997233
0.577233
-0.192142
-0.0436659
-0.0972553
0.418272
0.106737
-0.0969478
-0.162998
0.129446
-0.185775
0.164456
0.118361
-0.104033
0.348764
-0.152976
-0.0401267
0.415012
0.316286
0.649794
-0.0202276
0.0154075
-0.0018333
0.258722
0.00745869
-0.0497488
-0.00165403
-0.0364616
-0.0283553
0.0203832
0.0145728
0.0191078
-0.0669373
-0.0726103
-0.46492
-0.086937
0.114063
0.0872329
0.0630135
0.333775
0.345003
-0.235863
-0.733154
-0.00125514
-0.124155
0.208501
0.0327066
-0.0190672
-0.135019
0.344679
-0.00294126
-0.00473054
0.00395688
0.0133839
0.161806
0.00551806
0.585895
0.340235
0.169088
0.411351
-0.226439
-0.566902
-0.0035411
0.00218076
0.00389751
0.0572003
-0.059047
0.00251681
-0.0731166
-0.732436
0.310579
0.122063
0.0293302
0.0530233
0.238412
-0.508552
0.157107
0.357007
-0.403424
0.111175
0.000238151
0.000602277
1.66265e-05
0.0699789
-0.0357546
-0.107942
-0.276202
-0.248733
-0.118177
0.136647
-0.308336
-0.0549963
0.42949
0.587289
-0.519052
-0.118026
-0.0169312
0.0622384
0.00145301
-0.0343796
-0.0578161
-0.260137
0.205137
-0.240562
-0.493485
-0.220235
-0.161282
-0.128746
-0.0559421
-0.124568
-0.661303
-0.0540074
-0.0155052
0.0320795
-0.2236
0.135521
-0.272332
0.151344
-0.255161
-0.246648
-0.382993
0.0958497
-0.446437
-0.0995693
-0.11811
-0.0134779
-0.0264565
0.0231245
0.0899937
0.0446064
0.131747
0.255795
-0.217082
-0.0764699
0.0815876
0.156567
0.00646909
0.0952357
-0.105172
-0.0705694
0.0454097
0.0403459
-0.0191409
0.0582846
-0.00438488
0.107382
-0.0261205
-0.0319965
-0.104243
0.620854
-0.394036
-0.0831907
0.192487
-0.300628
-0.0133094
-0.272979
0.0799458
0.16524
-0.0543262
-0.0330188
0.00630971
0.0927149
0.128167
-0.092191
0.00959905
0.25896
-0.0799761
0.0310083
0.0859933
0.121543
-0.347334
-0.218213
-0.0591357
0.50551
-0.352268
0.141051
-0.285425
-0.179032
-0.243737
-0.0355571
0.069937
0.0390485
-0.631231
0.42926
0.174809
0.17211
0.0859974
-0.00668041
-0.0948457
-0.180886
0.111926
0.0687048
0.114831
0.213726
-0.114934
-0.194765
-0.194151
-0.222013
0.0258043
-0.37696
-0.114644
0.074563
0.0801253
-0.0112352
0.0323127
0.00223327
-0.188008
-0.125614
-0.123467
-0.0136657
-0.33557
0.290274
-0.00951045
0.030555
-0.00474107
-0.0585714
-0.0120513
-0.0255097
0.183816
-0.0947649
0.0824695
0.35639
0.368478
-0.335009
0.0130383
0.0269564
0.0576104
-0.0120437
-0.00682687
-0.0038422
-0.157776
0.117024
-0.188352
-0.110502
0.310045
-0.194173
-0.494223
-0.403138
0.394933
0.0858612
-0.748812
0.606238
-0.0641038
-0.248555
-0.0786722
-0.124311
-0.207397
-0.181648
-0.0102099
-0.0469096
-0.0207705
-0.0642862
-0.203344
-0.20256
-0.0787087
-0.0940911
0.0980853
-0.102077
0.0867689
0.0886144
0.0977172
0.00195167
-0.0337283
-0.0544961
-0.0389312
-0.0277285
0.0430647
0.234102
0.251107
0.0269683
0.0137474
0.244308
0.160196
-0.167174
-0.180137
-0.307518
-0.114068
0.230939
0.122236
-0.136936
-0.0959564
0.0419107
0.0629655
0.0347338
0.343382
0.192743
-0.054171
0.0854901
0.118186
0.14427
-0.0560665
0.0582031
-0.0512494
-0.0274427
-0.00403654
-0.0061821
-0.518379
-0.00605294
-0.372869
0.330876
0.416896
0.362601
-0.0732981
0.105907
0.0905483
0.241116
0.40614
-0.0238925
0.105204
-0.0475962
0.126719
0.100701
-0.0445226
-0.0614219
0.618787
-0.646141
0.30376
0.177308
-0.0239758
0.0510705
0.00059651
-0.000779464
-0.00050763
-0.0340381
0.0557854
0.0750974
0.0251611
-0.0550265
-0.0605476
0.325968
-0.312816
-0.0328775
-0.215368
-0.410906
0.57798
0.165105
-0.0859358
-0.248737
-0.00727893
0.183323
-0.00448467
0.00170748
0.00465324
0.0145947
-0.00158209
-0.00228968
0.00183447
0.257806
0.326258
0.0225447
0.11168
-0.237883
0.0797772
0.0421399
0.125906
-0.0171179
0.00448425
-0.0003032
-0.00538269
-0.68145
-0.0227734
-0.455804
0.0181214
-0.0282453
-0.0245241
0.117786
-0.0920689
0.069219
-0.0086901
0.0277215
-0.0528598
0.0943238
0.0586775
0.0856044
-0.00917115
-0.0468136
0.0281809
0.232955
-0.369917
0.0290331
0.00840091
0.0524948
0.0155662
0.0502387
0.0159957
0.0147481
0.0189596
-0.0974258
-0.00117489
0.0262222
0.342301
-0.527316
0.687424
-0.703459
-0.0149985
-0.436534
0.303416
0.137659
0.333208
0.183532
-0.274521
0.0657768
-0.0476155
-0.0342669
-0.065634
-0.00187953
-0.0255515
-0.410846
0.253491
-0.143409
-0.378073
0.130616
-0.370554
0.321939
-0.284294
-0.233355
0.0131026
0.40961
0.111721
-0.0903828
-0.188647
-0.244595
0.00160955
-0.0971335
-0.082563
-0.0712464
-0.100437
-0.026778
0.000171625
-0.196187
-0.351437
-0.0136157
-0.16926
0.201528
-0.175023
-0.159883
-0.0770221
0.0793456
-0.018259
-0.0415817
0.299095
0.295643
-0.222193
-0.0128562
0.0919975
0.0829236
0.192154
0.161085
-0.364752
-0.0609007
-0.262522
0.293364
0.0539407
-0.0263259
0.00716358
-0.0281097
0.0213111
-0.0191362
0.0233367
-0.389717
0.288601
0.0228806
-0.083892
0.0535895
0.196137
0.38849
0.658194
-0.454523
-0.443074
0.983194
0.269365
-0.393981
-0.111669
-0.125626
-0.123099
-0.00869839
-0.176248
0.279022
-0.149125
0.0913587
0.128115
0.429224
0.429182
-0.527716
-0.353641
0.377444
-0.189728
-0.181214
-0.113155
0.0444459
-0.0876953
0.0474145
0.282451
0.149512
0.371603
-0.0885565
0.347388
0.473975
0.424245
0.494382
0.110607
-0.112194
0.0661803
-0.0373046
0.170055
0.185584
-0.0179867
-0.0186372
-0.0238047
0.343273
-0.111275
0.0545388
0.217523
-0.288926
-0.0370067
-0.290256
-0.0387631
-0.289766
-0.0230212
0.166668
-0.027393
-0.246272
-0.0936998
-0.186875
-0.289225
0.343341
0.386142
-0.358653
-0.0510444
0.171404
0.046318
0.0696047
0.378226
-0.00375241
0.020001
0.0117937
-0.00414071
0.0657743
0.0251843
-0.124966
-0.0708369
-0.151488
0.123581
0.211104
-0.256554
0.096126
0.0946889
-0.0689388
-0.0447504
0.0816418
-0.164465
-0.0235755
-0.0437818
0.154802
-0.0589215
0.29537
-0.0521727
0.412825
-0.127676
0.420161
-0.372361
0.167234
0.308494
-0.0531393
-0.0276436
0.0334548
-0.087838
-0.0136697
0.0544443
0.000236627
-0.0491753
0.0943279
-0.0145034
-0.0741677
-0.296802
-0.623275
0.302064
-0.301661
-0.00263422
-0.0225051
0.0201893
-0.107084
-0.204504
0.163139
0.0672888
0.111447
0.108075
-0.0454544
-0.101731
0.38507
-0.00558249
0.312045
0.230165
-0.0325995
0.340985
0.228133
0.119561
0.0412144
0.230516
0.187292
0.0251303
0.162011
0.000441776
0.0407056
-0.0230835
-0.373251
0.0679874
-0.73412
-0.0546403
-0.0148722
0.049101
0.586086
-0.630127
0.0276426
-0.113503
-0.105761
0.133281
0.11466
0.0779438
-0.0576611
0.0216567
-0.0202531
0.0314602
-0.376872
0.175412
0.209018
0.149763
-0.165409
0.00398876
-0.209074
0.282361
0.447015
-0.411321
0.275107
0.312924
0.0046911
0.0170448
0.107181
-0.0231772
0.12893
0.0329414
0.0174113
0.00974838
0.0161868
0.0983822
0.511608
-0.177878
0.24406
-0.299794
0.28593
-0.0945016
0.042728
-0.0173461
0.217188
-0.13387
-0.220423
0.754461
0.0890697
0.686795
-0.00094986
0.257296
-0.620792
0.102998
0.116847
-0.160032
-0.249898
-0.12446
0.105691
0.0450471
-0.0815238
-0.14554
0.190188
0.146941
0.599073
-0.144359
-0.340787
-0.0454362
-0.118365
-0.0730303
0.0316393
-0.170441
-0.184684
0.316906
-0.17342
-0.12361
0.155641
-0.459982
-0.107639
-0.339286
-0.220094
-0.162962
0.107637
0.0088046
0.0856771
0.0683047
-0.243697
-0.133169
0.129709
0.0178955
0.185333
-0.0057651
0.54309
0.0418273
0.224425
-0.216883
0.0486465
-0.234914
-0.1721
0.235882
0.223138
-0.0131568
0.101869
0.0512006
0.231527
0.0507836
0.281759
-0.226396
0.313099
0.105565
-0.0319203
0.12998
-0.0970962
-0.122393
-0.0477842
-0.0165908
-0.0612698
0.170129
-0.0544548
-0.0653621
-0.135459
0.230667
0.234107
-0.376876
0.373176
0.0171902
-0.140926
0.0494841
0.0246851
-0.0121558
-0.0391967
-0.14273
-0.0811966
0.150611
-0.198834
0.371141
-0.0670898
-0.0493775
-0.0712867
0.0300294
-0.236278
-0.0837803
-0.0747466
-0.232516
0.0881644
0.235782
-0.367538
-0.308054
-0.378278
-0.124944
-0.135203
-0.143158
-0.0351279
-0.00542362
-0.0316345
0.0215923
-0.0286159
0.00347249
-0.0911914
-0.109691
-0.00867274
0.101522
0.0209717
-0.0707138
0.00492517
0.247896
-0.172763
0.241068
-0.0506075
0.183518
0.477142
0.65873
0.257854
0.0231511
-0.0220447
-0.0066436
0.221648
-0.179944
0.0568617
0.143934
-0.58584
-0.326078
-0.0744546
0.137987
-0.14451
0.199562
0.0651147
-0.21846
0.497062
-0.0667127
-0.454502
-0.242134
0.208027
-0.014741
-0.113653
-0.0103743
-0.109083
0.297299
-0.39717
0.479562
0.267231
0.0458067
0.0536788
-0.0100918
0.000688933
-0.0141673
0.0653569
-0.0803977
-0.265771
-0.512149
-0.171051
-0.0612153
0.168459
-0.132246
0.0946966
0.020946
0.232326
0.23492
0.0575508
0.145739
-0.136538
0.254177
0.102224
0.238593
0.0726828
0.233947
0.11576
0.173568
0.161716
-0.010946
0.0510553
-0.364604
0.0551172
-0.113951
0.0262781
-0.0233716
-0.282994
0.0654418
0.273062
-0.18404
-0.134528
-0.101832
-0.126669
-0.0831078
-0.130593
0.404737
-0.13718
0.210516
0.325472
0.229758
-0.025012
0.104959
-0.224221
0.171809
-0.0106101
-0.0128159
0.00698895
0.195777
0.30896
-0.025487
-0.131898
0.388319
0.352385
0.0964503
0.0547354
0.161751
-0.34838
0.273096
0.22968
0.0119618
-0.0212065
0.00612358
0.00717058
0.329198
-0.206745
0.027893
-0.00738635
0.00573354
-0.0765661
-0.0649619
0.115868
-0.152852
-0.203879
0.00522667
0.0213976
-0.0511938
-0.113432
0.117398
-0.154591
0.133727
-1.04676
-0.186556
0.341672
0.0594542
0.0372614
-0.0869601
0.149576
0.149972
-0.634321
-0.0554131
-0.594399
0.628531
0.214592
-0.203888
-0.220064
0.00447397
-0.0927918
-0.0919499
-0.0381252
-0.0220269
-0.0431788
-0.0367066
0.0920645
-0.199193
-0.112675
-0.0110729
-0.122518
-0.192446
-0.171024
-0.11772
0.00141754
0.00811274
0.0100907
-0.0526165
-0.0671696
0.195496
-0.676668
-0.25986
-0.334412
-0.00652965
-0.0152519
0.0133499
0.204741
0.0559933
0.148713
-0.0599232
0.0215405
-0.101262
0.0416212
0.100161
-0.0268034
0.024775
0.0916009
-0.030038
-0.244845
-0.0581273
-0.351516
0.497083
0.0760797
0.369194
-0.0244945
0.0966455
-0.00882029
0.0243481
-0.372718
-0.0953623
-0.149595
0.0979296
-0.0135519
-0.0257968
0.171867
-0.175402
-0.0736132
0.0589483
0.12531
0.00493854
0.0191958
-0.0112914
0.326324
-0.789542
-0.258051
-0.283081
0.0466686
0.56223
0.206554
-0.385448
-0.392358
0.19254
-0.153954
-0.0896186
0.0459077
-0.0106765
0.0477646
0.319452
0.3488
-0.27912
-0.227482
0.117394
0.060306
-0.176359
-0.200338
-0.186447
-0.0976574
0.341806
-0.050682
-0.108912
-0.126567
0.0382565
0.213402
-0.106243
0.199978
0.105542
-0.0945419
-0.0138364
-0.0633591
-0.033737
0.16107
0.0476158
0.0719878
0.110823
0.0525073
-0.0177043
0.0585809
-0.314341
0.039976
0.060352
-0.0319402
-0.0180742
-0.00782161
-0.14824
-0.0882334
-0.0604613
0.0642992
-0.0771739
0.0849579
0.0123848
0.0389267
0.0384432
-0.489862
0.491001
0.415819
-0.269874
0.227513
-0.156447
-0.0926611
-0.286745
0.393702
0.00356861
0.390967
-0.221871
0.0736059
0.155817
0.332017
-0.0948844
-0.178671
0.107211
-0.10893
-0.0592389
-0.531536
0.0522257
-0.193784
0.231552
-0.107742
0.15989
-0.0497606
0.00589188
-0.107592
-0.0938254
-0.0592327
0.208191
-0.248481
-0.048843
-0.0445234
-0.0582636
-0.233803
-0.117106
-0.671113
0.044628
0.01259
-0.0466991
0.55764
0.578031
-0.223636
-0.00818193
0.0102696
0.00527613
-0.157389
-0.0285266
-0.160968
-0.0392371
-0.0665465
0.0559386
-0.0313912
-0.0208639
0.0467686
-0.00314572
-0.00335713
0.0252431
-0.0856336
-0.144207
-0.209315
-0.278189
-0.0798441
-0.0716493
0.258613
0.0676033
0.260722
0.00513948
0.00218003
0.0249622
0.0988781
0.00144371
0.229409
-0.121952
-0.0251096
0.0278448
0.0463559
-0.00417321
-0.0389529
-0.036726
-0.0203255
-0.0855098
0.778747
0.486794
-0.214267
-0.0984502
-0.140485
-0.170369
0.102762
0.158251
-0.135062
0.290632
-0.056082
0.287197
0.300164
0.00812513
0.118642
-0.550302
-0.157197
-0.230635
0.0908306
-0.0318274
0.11784
-0.0208067
0.0007318
0.050662
-0.22574
-0.163671
0.212376
-0.195196
0.16817
-0.299105
0.124341
0.25515
0.303192
-0.00724216
-0.0844568
-0.0784027
0.270323
0.0900097
-0.263556
-0.0782508
0.108976
0.0653565
-0.0979621
-0.0557651
0.0907245
-0.137006
-0.0191341
-0.0286176
0.0271288
-0.0287068
0.0862509
-0.346277
-0.028713
-0.194451
-0.15881
-0.170215
-0.125493
-0.165065
0.198446
-0.17618
-0.531474
0.473245
0.313171
-0.0063656
-0.0177224
0.090256
0.0153783
-0.00804817
0.0160409
-0.191303
-0.435295
-0.00186756
-0.130474
-0.318927
-0.257471
0.268023
0.199273
-0.245079
-0.530793
-0.0162178
-0.313346
-0.121805
0.0290282
-0.0471874
0.064275
-0.0241002
-0.0648611
-0.00165449
-0.00130367
-0.000248438
-0.0775889
0.0884898
0.0340754
-0.00764992
-0.0025489
-0.0656162
-0.0795651
0.468537
0.0253938
-0.0609344
0.117383
-0.00241571
0.0399724
-0.0446098
0.0331193
0.0388631
0.0411568
-0.0908815
-0.254796
-0.241713
-0.0845852
0.386386
-0.0351328
0.415305
-0.162945
0.184656
-0.22983
0.108318
0.108784
-0.111054
0.292212
0.0635628
0.235573
-0.0206972
0.392058
0.0634387
-0.0400597
-0.00537175
-0.0487211
0.00460198
-0.026654
0.0456131
-0.0724325
0.0577454
-0.0316738
-0.172488
0.297106
0.217919
-0.138579
-0.244046
-0.091329
0.400118
-0.0522227
-0.590481
0.113315
0.127781
-0.0761222
0.0843722
0.0279904
0.218838
0.127615
-0.201988
0.166355
-0.141773
-0.534962
0.167488
-0.500197
0.27497
-0.15688
-0.0999314
0.157555
-0.0969775
0.0191546
0.15963
0.122303
0.0452086
0.0308387
0.036972
0.149093
0.236773
0.00615446
0.2959
0.312828
0.271225
-0.33245
-0.0691572
0.223846
-0.257799
-0.213008
-0.0186926
0.168645
-0.225601
-0.235449
0.188746
0.76236
0.344075
0.266915
0.218928
-0.125985
0.188671
-0.0723565
0.14547
-0.145308
0.128965
0.242717
-0.144606
-0.156741
0.044342
-0.112284
0.831498
-0.641577
-0.324716
0.49993
0.0415561
0.119505
-0.119613
-0.10708
0.0282274
0.0249466
0.0332745
-0.162943
0.230943
-0.147798
0.134942
0.18064
0.148113
-0.0179293
-0.00380166
-0.0202801
0.0123978
0.0501828
-0.0924649
0.0458214
0.352977
-0.47014
0.135409
-0.02821
0.0467701
-0.0141845
-0.18594
-0.0283428
-0.528375
-0.266969
0.553641
-0.319582
0.147234
-0.248691
-0.227876
0.159928
-0.448431
-0.209183
0.0989397
0.36752
0.470044
0.0290206
-0.347973
-0.172209
-0.167264
-0.23498
0.1743
0.235819
-0.184188
0.229827
0.102063
0.132068
-0.0683585
-0.0479896
-0.0217015
0.253823
0.335222
-0.131588
-0.0108692
-0.0444572
0.0147032
0.151214
0.223096
0.0650735
0.00889911
0.0104221
0.158335
0.569641
0.629859
0.77831
-0.515508
-0.323697
0.0209329
0.135357
-0.102345
-0.316923
0.423154
-0.0266362
-0.308196
-0.125395
0.135776
-0.135433
0.254638
-0.027666
-0.0806074
0.121262
-0.644222
0.179651
0.0847831
-0.368547
0.0899515
-0.0163785
-0.0052054
0.00714221
-0.0655016
-0.116007
0.109444
-0.292529
-0.115481
-0.102181
-0.00334472
-0.109166
0.0181953
-0.0872908
0.341157
0.367514
-0.112482
0.0871255
-0.0719968
0.0210112
-0.0924374
0.018755
0.0094966
-0.0593307
-0.0563629
0.0324864
0.536578
0.0430725
-0.0198806
-0.0936324
0.356536
0.0992378
0.107326
0.0839846
0.258752
0.105614
0.407496
0.135466
0.18042
-0.00338578
-0.338098
0.405443
0.205013
-0.0569114
-0.12114
-0.116969
-0.0522394
-0.0198734
0.0665516
0.0743464
0.109459
0.123985
0.0839067
-0.410138
-0.312048
-0.0290623
0.0215059
-0.0409124
-0.395013
-0.619605
-0.180214
-0.321058
0.158688
0.296707
-0.0326944
-0.285104
0.231569
-0.0660923
-0.0675085
0.00598047
-0.110415
0.145432
0.145893
0.145877
-0.0958023
0.130238
-0.0857778
0.301048
0.134959
-0.102237
0.166448
0.101588
-0.0611761
-0.0723015
0.26463
-0.106245
-0.0047067
0.021282
-0.0950147
-0.0461181
0.0187772
0.114188
-0.0492658
-0.0783198
-0.0256118
0.104703
-0.0491831
0.0164715
0.0119066
0.0600422
-0.488691
0.276309
-0.0810306
-0.344193
0.165569
-0.240464
0.0679894
-0.24955
0.245712
-0.162203
-0.150199
-0.12133
0.217081
0.204835
0.227009
0.0115248
-0.0299766
0.0552026
0.415041
0.256531
0.0394701
0.192785
0.0504437
-0.113556
0.0547586
-0.0687196
0.109982
-0.261741
-0.13184
-0.0035005
-0.214723
1.01378
0.0231613
-0.209865
0.180981
0.31677
-0.152207
0.162257
-0.11476
0.693089
0.384408
0.12113
0.527954
0.00201476
-0.00697512
0.00292401
0.0328252
0.0123079
-0.0651923
0.0257452
-0.0261764
0.0339777
0.0924181
0.0666785
-0.161845
-0.0287121
-0.127011
-0.424268
-0.289669
0.169311
-0.294962
-0.0952
0.268286
-0.0389298
0.228433
-0.39826
-0.146401
0.0549408
-0.167327
0.0133263
-0.0209995
0.0108098
-0.546523
0.0248132
-0.310924
0.0173674
0.129835
0.0949277
0.230504
-0.135228
-0.209874
0.0731767
0.113908
0.267306
-0.103032
-0.033932
-0.020033
-0.395044
-0.366243
0.0887335
-0.210835
-0.106058
-0.370098
0.254818
0.291019
-0.0277648
0.150412
-0.169773
-0.0506545
0.122795
0.107277
-0.346292
-0.678515
-0.428197
-0.469746
-0.015309
-0.0559872
0.000123901
0.148473
-0.117458
0.0695513
0.0712231
0.0550753
-0.0615439
-0.0457007
-0.00287911
0.0663004
-0.0196658
0.104547
-0.0824618
0.0865009
0.262284
0.307832
-0.190014
-0.266038
-0.123753
0.278243
0.350043
-0.675573
-0.0878652
-0.0272636
-0.16156
-0.190452
-0.169435
0.182804
0.104291
0.142919
0.0158987
0.0149383
0.0713013
0.052718
0.0317062
0.0396018
0.0268985
-0.00255316
0.0402366
0.0231139
0.362684
0.318051
0.268321
0.435878
0.425685
-0.399756
0.0450236
0.15367
-0.185921
-0.0152608
-0.00357617
-0.0113426
-0.411391
0.143706
-0.305922
-0.0406043
-0.02205
0.0199617
0.551139
-0.478765
-0.978703
-0.503925
-0.264832
-0.13548
-0.262439
0.242014
0.108805
0.0669118
0.0353596
-0.0546412
0.176788
-0.137561
0.1624
0.0020076
0.00702832
0.00371465
0.0901312
0.106626
-0.0762033
0.0068472
0.122341
0.236965
0.141494
0.157198
-0.121821
0.0135896
-0.0185884
-0.021335
0.0397113
0.0799919
-0.0218243
0.256671
0.0341128
-0.228561
0.722289
0.284981
-0.243227
0.0432601
-0.0272632
-0.0478038
-0.034244
-0.0348396
0.0800736
0.0398383
-0.0502828
0.0317983
-0.0131075
-0.0243532
0.0214549
-0.222781
0.0270076
0.316221
-0.0574409
0.127335
-0.170813
-0.0202863
0.0214299
-0.135349
0.00203116
0.00549231
-0.0119769
-0.00449969
0.00253362
0.00666339
0.136351
-0.113815
-0.245629
-0.212721
0.410125
0.0322177
-0.00687645
0.0208757
0.0102674
-0.566938
0.0306066
-0.196288
0.184541
0.326664
-0.25898
0.302947
-0.275493
0.2596
0.0312626
-0.273481
-0.163591
-0.0115579
0.264051
-0.0630176
0.0811279
-0.0327621
-0.297674
-0.614526
0.204211
0.365456
0.348891
0.374911
0.201602
0.125979
-0.152101
0.241778
0.375692
0.55689
-0.29344
0.111949
-0.13079
0.171106
-0.0219393
0.00561771
-0.0200934
0.222926
0.187433
0.282181
0.0847442
-0.0942058
-0.0956558
0.0338631
0.0460832
-0.0245023
-0.0289424
-0.0209515
0.00829321
0.0604821
-0.0272619
0.0734824
-0.114247
0.00124153
0.0719798
0.0594991
-0.0878679
-0.0479648
0.600788
0.422571
-0.587527
0.0596043
-0.111095
0.0655279
0.236918
-0.142828
-0.111229
-0.151431
0.357008
-0.0640263
0.0832218
0.0745231
-0.0906759
0.294388
0.0180132
0.165997
0.0577993
0.140408
0.0277555
0.175591
-0.118439
-0.141687
-0.0132952
0.0179309
0.0157103
0.297421
-0.00772316
-0.220275
-0.00631791
0.000852977
-0.00284763
0.632577
0.220764
-0.160338
0.693424
0.380239
-0.328567
-0.0661663
-0.0187766
-0.0208516
0.0353452
0.042522
-0.0962645
0.464231
0.364209
0.118933
0.0646063
-0.154601
-0.0625985
0.123931
-0.150597
0.179365
0.0594244
-0.000990801
-0.100886
0.0949223
-0.364506
0.0601471
0.016353
0.0356352
0.030501
0.0795398
-0.289399
0.385576
0.20848
0.438402
0.258849
0.151151
-0.0865173
0.151163
0.125755
-0.353926
0.470402
0.512887
-0.271868
-0.29029
-0.0821053
-0.113037
-0.382888
0.0187781
-0.0694826
0.0609106
0.478037
-0.252517
0.0487244
-0.0494225
-0.0444473
0.0163034
-0.387335
-0.250527
-0.318228
0.0144379
-0.00518072
-0.100264
0.0167172
0.0225523
0.00313759
-0.549248
-0.0753168
-0.948332
-0.835015
-0.0635198
0.387278
0.360519
-0.527085
0.471673
-0.198075
-0.0138407
0.0429597
-0.10079
0.303641
-0.126544
-0.167515
-0.262461
0.035191
-0.00742383
0.00482092
-0.0073619
-0.0931189
0.0506576
0.136817
-0.569704
0.5908
-0.342693
0.0949532
-0.285283
0.189429
0.161279
0.377317
-0.338852
0.193259
-0.217409
-0.0709656
0.244672
0.567865
-0.554321
-0.17772
-0.301106
-0.300227
0.149219
0.0768655
-0.211865
-0.185935
0.0916547
0.253099
-0.0819912
0.0398221
-0.100042
-0.128304
-0.274853
-0.289453
0.0599709
-0.0793022
0.0950356
-0.072709
-0.000136465
-0.0394471
-0.0588114
0.214747
-0.11866
-0.131202
0.0699679
-0.241434
-0.279385
-0.0790223
-0.390921
0.0354346
0.0200397
0.0586096
0.00121242
-0.015613
0.00909591
-0.200663
0.126648
0.0304204
0.0403995
-0.201755
0.138854
-0.0830166
-0.0363205
-0.00508017
-0.413979
0.189258
0.515693
0.111416
0.27963
0.092606
0.0812354
-0.0660737
-0.122214
0.113818
0.160003
0.122886
0.124126
-0.141299
-0.187854
-0.443614
-0.213509
0.619669
-0.0992406
0.372949
0.101052
0.0398774
0.246635
0.00713858
0.223819
0.143891
-0.252311
0.351285
-0.220294
0.17392
0.53128
0.510047
0.0189976
0.538743
-0.069941
0.647372
0.233459
-0.0201713
-0.228914
-0.291427
-0.347033
-0.201946
0.249981
0.145048
0.208999
-0.535858
0.321036
0.246954
0.391758
-0.374245
-0.46366
-0.275158
-0.144894
-0.235709
-0.0694328
-0.013174
0.50549
-0.0208966
-0.0782262
-0.0627496
-0.0505263
-0.0960885
-0.292223
-0.0732114
0.144116
-0.138265
0.112172
-0.485972
0.178072
-0.0950114
-0.0204729
0.0235866
0.0692242
0.114623
0.0104436
0.112313
0.0536161
0.131899
-0.225802
0.147074
0.300508
0.396974
-0.485209
0.37799
0.00114792
0.00185353
0.00418585
-0.256547
0.209037
0.0454677
0.182313
0.000436894
0.202205
0.155936
0.0717096
-0.170713
-0.331746
-0.163597
0.0818163
-0.0608487
0.0625082
-0.250164
-0.0850595
0.391127
-0.262258
0.011778
0.0215375
0.0070393
0.00330506
-0.0816668
0.00792579
0.173974
-0.0110093
0.226645
-0.566785
-0.125228
0.306574
0.147055
-0.174457
-0.162404
-0.0397933
-0.0351778
-0.0122974
0.0719396
0.0165542
-0.919457
-0.24026
0.326063
0.325878
-0.0688665
0.0540704
0.117187
0.00828717
0.066959
0.00422533
-0.0631666
-0.269537
0.478836
0.271882
-0.161351
-0.197559
0.145242
-0.116513
-0.0464424
-0.123519
-0.183316
0.18673
0.168936
-0.134456
-0.286325
-0.456757
-0.220423
-0.521394
0.0113208
-0.0977159
-0.109164
0.0600528
-0.29653
0.0273765
0.306585
-0.261271
0.149099
0.315541
0.218206
0.121496
0.0379973
-0.0680961
-0.0308569
0.333471
-0.258066
0.270112
-0.433766
0.122767
-0.568951
0.181671
0.272881
0.409836
0.141838
0.089289
0.0922056
0.00796214
0.0149962
0.0119732
-0.0832454
0.0581331
0.0842062
-0.00143151
-0.0204225
-0.020245
-0.0326038
-0.0122379
-0.0227042
0.292202
-0.132921
0.454503
0.132474
-0.0453199
0.0920947
-0.0912732
-0.0473511
0.00395512
0.283516
-0.231032
0.426845
0.00698792
-0.0345741
0.0622792
0.508334
0.067999
-0.083023
0.0956544
-0.0379336
-0.118235
0.181073
-0.102475
-0.013923
0.498929
-0.00862642
-0.439988
0.100788
-0.0384143
-0.0940674
-0.0717624
0.0580965
0.071081
-0.0514824
0.0629508
0.138885
-0.070209
-0.0725489
0.106374
0.0598579
0.0730702
0.00689899
-0.355887
-0.228159
-0.506837
-0.00232656
0.000597832
0.00274783
-0.274767
-0.140167
0.401312
0.121975
0.23986
0.233702
-0.0908422
-0.304707
0.450253
-0.165628
0.314327
0.251391
0.185904
-0.197961
-0.0892138
0.518136
0.216261
0.308696
-0.352689
0.197502
0.0776746
0.515835
-0.0984036
-0.0121594
0.272427
0.518252
-0.487085
-0.0752663
-0.185963
-0.00948107
-0.164052
0.237159
0.426477
0.153544
0.0657196
-0.0949616
0.0719567
-0.321395
0.338734
0.129127
-0.0495449
-0.187056
0.367478
-0.289783
-0.402635
0.653082
-0.599675
-0.627448
-0.101447
-0.133905
-0.163038
0.0290116
-0.0143479
0.0243729
0.258861
-0.103698
0.205542
